2
0 180 73
0 180 73

	53.2806	53.9667	52.7055	50.0782
	46.9573	44.3504	42.0092	39.3332
	35.6223	31.0611	25.923	21.2044
	17.267	14.323	12.1911	10.6736
	9.55848	8.65536	7.87692	7.15768
	6.47692	5.82564	5.20823	4.62516
	4.0934	3.58001	3.12184	2.69825
	2.31023	1.97126	1.67937	1.42698
	1.2112	0.979531	0.732693	0.514559
	0.334358	0.208045	0.123184	0
	0	0	0	0
	0	0	0	0
	0	0	0	0.0801676
	0.107307	0.139765	0.173475	0.203821
	0.229006	0.247542	0.258022	0.266391
	0.265531	0.270693	0.268659	0.266
	0.23714	0.233229	0.215944	0.19686
	0.176916	0.153374	0.131397	0.107307
	0.0903352	53.2806	53.9785	52.7247
	50.1044	46.9778	44.3767	42.0183
	39.3222	35.6017	31.0558	25.9465
	21.2088	17.2796	14.3419	12.2013
	10.6751	9.55113	8.6416	7.85697
	7.14141	6.46065	5.81047	5.19736
	4.61296	4.08268	3.57125	3.11394
	2.69144	2.30429	1.9661	1.67429
	1.4226	1.20212	0.972022	0.726514
	0.510335	0.331542	0.206402	0.122324
	0	0	0	0
	0	0	0	0
	0	0	0	0
	0.0800894	0.107229	0.139687	0.173475
	0.203899	0.229084	0.247542	0.25857
	0.266313	0.267173	0.27038	0.270067
	0.265453	0.237374	0.232447	0.216022
	0.196626	0.177229	0.153374	0.131318
	0.107385	0.0901788	53.2806	53.993
	52.7385	50.1307	47.0014	44.3292
	41.9601	39.1916	35.4901	30.9682
	25.9151	21.2353	17.3142	14.3729
	12.2261	10.6649	9.52141	8.59459
	7.80261	7.08298	6.40606	5.76315
	5.15966	4.57956	4.05288	3.54458
	3.0904	2.67025	2.28552	1.94874
	1.65959	1.40704	1.18015	0.950436
	0.708447	0.49657	0.323173	0.201397
	0.119665	0	0	0
	0	0	0	0
	0	0	0	0
	0	0.079933	0.107151	0.139374
	0.173318	0.203899	0.22924	0.248011
	0.260212	0.268268	0.26952	0.272648
	0.27124	0.267251	0.237765	0.232994
	0.216335	0.196547	0.17762	0.153453
	0.131318	0.107229	0.0901788	53.2806
	53.9905	52.7318	50.1423	46.9778
	44.2729	41.826	38.9853	35.2795
	30.783	25.814	21.2504	17.3632
	14.4156	12.2327	10.6437	9.46291
	8.51677	7.71165	6.99546	6.32034
	5.68885	5.09326	4.52341	4.00134
	3.49961	3.04825	2.63403	2.25377
	1.9205	1.6344	1.37904	1.1455
	0.916492	0.680134	0.475374	0.309564
	0.193106	0.115285	0	0
	0	0	0	0
	0	0	0	0
	0	0	0.079933	0.107073
	0.139296	0.173162	0.203978	0.229553
	0.248872	0.261933	0.270927	0.272492
	0.27562	0.274212	0.268894	0.238704
	0.233855	0.216335	0.196704	0.17762
	0.153687	0.131475	0.107229	0.0901788
	53.2806	53.9667	52.7318	50.1389
	46.9778	44.1709	41.6402	38.7108
	35.0088	30.5344	25.7039	21.2264
	17.4093	14.4588	12.2442	10.6168
	9.39009	8.4176	7.59387	6.88456
	6.21225	5.59844	5.00832	4.44895
	3.9297	3.43774	2.99154	2.58554
	2.20926	1.88343	1.59835	1.33868
	1.10021	0.873709	0.643844	0.448156
	0.291575	0.182313	0.109575	0
	0	0	0	0
	0	0	0	0
	0	0	0	0.0800894
	0.107151	0.139374	0.173084	0.203978
	0.229788	0.249732	0.263732	0.272804
	0.276715	0.277966	0.27648	0.271318
	0.239877	0.234246	0.216804	0.196704
	0.17762	0.154	0.131397	0.107151
	0.0901788	53.2806	53.993	52.7318
	50.1463	46.9461	44.0961	41.4128
	38.3885	34.6753	30.2786	25.5685
	21.1728	17.4493	14.5167	12.2476
	10.57	9.30218	8.30051	7.45762
	6.74769	6.08789	5.48667	4.9097
	4.35682	3.84492	3.36258	2.92412
	2.52508	2.15639	1.83627	1.55009
	1.2873	1.04797	0.823497	0.602469
	0.412101	0.270615	0.169408	0.102693
	0	0	0	0
	0	0	0	0
	0	0	0	0
	0.080324	0.107307	0.139453	0.173084
	0.203978	0.230101	0.250514	0.265609
	0.27562	0.280469	0.28133	0.280235
	0.273587	0.240894	0.235263	0.217508
	0.196939	0.177933	0.154391	0.131162
	0.106994	0.0901788	53.2806	53.9667
	52.7318	50.157	46.9488	43.9699
	41.1681	38.0436	34.2955	30.0009
	25.4263	21.1625	17.4735	14.5581
	12.2545	10.5293	9.20606	8.17232
	7.30839	6.60065	5.95657	5.37037
	4.79911	4.25866	3.75239	3.27991
	2.84732	2.45821	2.09718	1.77964
	1.49284	1.23044	0.992045	0.772816
	0.559296	0.379173	0.248168	0.155721
	0.0949497	0	0	0
	0	0	0	0
	0	0	0	0
	0	0.0805587	0.107542	0.139531
	0.173162	0.204056	0.230257	0.25114
	0.26686	0.278279	0.283441	0.284693
	0.283754	0.275933	0.242927	0.236358
	0.218056	0.19686	0.17762	0.154626
	0.131084	0.106838	0.0901788	53.2806
	53.9736	52.7318	50.157	46.9339
	43.8707	40.9146	37.6631	33.8978
	29.7423	25.2841	21.1514	17.5017
	14.6011	12.2672	10.4846	9.10915
	8.03483	7.1497	6.44634	5.81829
	5.2457	4.68429	4.15542	3.65627
	3.19419	2.76832	2.38845	2.02875
	1.71308	1.42808	1.1692	0.933933
	0.722603	0.516514	0.347184	0.225721
	0.142034	0.0872067	0	0
	0	0	0	0
	0	0	0	0
	0	0	0.0808715	0.107777
	0.139687	0.173162	0.204056	0.230413
	0.251687	0.267799	0.279922	0.286022
	0.287665	0.286804	0.278514	0.244335
	0.237531	0.218447	0.196704	0.176916
	0.154626	0.131084	0.106682	0.0903352
	53.2806	53.9667	52.7318	50.1833
	46.9143	43.7724	40.6486	37.2611
	33.4763	29.4472	25.1315	21.1207
	17.5328	14.6414	12.2798	10.4485
	9.01678	7.8967	6.99054	6.29288
	5.67297	5.11759	4.56674	4.05038
	3.55897	3.10745	2.68941	2.31235
	1.9521	1.63949	1.3573	1.10451
	0.876838	0.673095	0.476235	0.316369
	0.204056	0.128581	0.0794637	0
	0	0	0	0
	0	0	0	0
	0	0	0	0.0812626
	0.108089	0.139922	0.17324	0.204134
	0.230648	0.252078	0.268816	0.281408
	0.287743	0.290324	0.289385	0.280782
	0.245508	0.238939	0.219229	0.196391
	0.176291	0.154313	0.130927	0.106525
	0.0903352	53.2806	53.9404	52.7318
	50.1614	46.8727	43.6276	40.3913
	36.8497	33.0467	29.0793	24.9238
	21.0501	17.5573	14.6721	12.292
	10.4246	8.93051	7.76648	6.83826
	6.14663	5.53759	4.99511	4.45114
	3.94863	3.46613	3.02244	2.60869
	2.2332	1.87373	1.56448	1.28565
	1.03991	0.822324	0.62867	0.435642
	0.289307	0.184659	0.116458	0
	0	0	0	0
	0	0	0	0
	0	0	0	0
	0.0818101	0.10848	0.140156	0.173318
	0.204056	0.230804	0.252547	0.269754
	0.282425	0.289151	0.292279	0.291732
	0.282659	0.246682	0.239721	0.219933
	0.196469	0.175978	0.153687	0.130849
	0.106291	0.0904916	53.2806	53.8879
	52.7055	50.1833	46.8464	43.5293
	40.1361	36.4472	32.6223	28.6941
	24.6811	20.9635	17.5422	14.6982
	12.3007	10.3925	8.84816	7.64509
	6.69247	6.00655	5.40744	4.87732
	4.34383	3.85164	3.37705	2.9382
	2.52461	2.15373	1.79599	1.49276
	1.21651	0.97914	0.771799	0.588704
	0.403419	0.265765	0.167765	0.105978
	0	0	0	0
	0	0	0	0
	0	0	0	0
	0	0.0822793	0.109028	0.140391
	0.173397	0.204056	0.230804	0.252782
	0.27038	0.28352	0.290168	0.293374
	0.293296	0.284302	0.246916	0.240425
	0.22048	0.196626	0.175508	0.15314
	0.130771	0.106134	0.090648	53.2806
	53.8616	52.7055	50.1998	46.8464
	43.3822	39.8646	36.072	32.1895
	28.2909	24.4402	20.8386	17.5212
	14.7214	12.3257	10.373	8.77651
	7.53231	6.55896	5.87499	5.27949
	4.76313	4.24004	3.7581	3.28672
	2.85006	2.43928	2.07333	1.72286
	1.42425	1.15379	0.922592	0.727531
	0.552648	0.375888	0.245508	0.153609
	0.0969832	0	0	0
	0	0	0	0
	0	0	0	0
	0	0	0.0828268	0.109575
	0.140782	0.173475	0.203978	0.230804
	0.252939	0.270693	0.284145	0.290872
	0.294235	0.294313	0.285553	0.247464
	0.240972	0.220559	0.196939	0.175117
	0.152279	0.13038	0.105899	0.0908827
	53.2806	53.8616	52.7055	50.2095
	46.815	43.2469	39.5981	35.7037
	31.7243	27.914	24.156	20.6994
	17.4756	14.7307	12.3349	10.3524
	8.71254	7.42985	6.43726	5.75572
	5.16412	4.65887	4.14384	3.66409
	3.1956	2.76277	2.35787	1.99793
	1.6538	1.36191	1.09826	0.874022
	0.689911	0.520894	0.352034	0.228458
	0.141955	0.0893966	0	0
	0	0	0	0
	0	0	0	0
	0	0	0	0.0833743
	0.109966	0.141173	0.173944	0.203978
	0.230648	0.25286	0.270927	0.284536
	0.291419	0.294782	0.294939	0.286335
	0.248011	0.24152	0.22048	0.19686
	0.174726	0.151341	0.129989	0.105743
	0.0911173	53.2806	53.839	52.7053
	50.2158	46.7825	43.1178	39.3405
	35.322	31.3113	27.5271	23.8734
	20.5633	17.4421	14.7434	12.3586
	10.3452	8.66272	7.34304	6.32925
	5.6445	5.05815	4.5554	4.04264
	3.56593	3.10237	2.6783	2.27692
	1.92684	1.58974	1.30552	1.04906
	0.832961	0.656201	0.492659	0.331229
	0.213832	0.132101	0.082905	0
	0	0	0	0
	0	0	0	0
	0	0	0	0
	0.084	0.110436	0.141564	0.174335
	0.204134	0.230648	0.252782	0.270927
	0.284615	0.29181	0.29486	0.295017
	0.286883	0.248168	0.241989	0.220168
	0.196782	0.174335	0.15048	0.129598
	0.105508	0.0911955	53.2806	53.8616
	52.6793	50.2358	46.7677	42.9935
	39.1	34.981	30.9258	27.1437
	23.5867	20.3687	17.354	14.7183
	12.3522	10.3207	8.61782	7.26232
	6.22593	5.53806	4.95193	4.44426
	3.93384	3.46488	3.00992	2.59141
	2.20058	1.85746	1.53163	1.25437
	1.00667	0.799408	0.626637	0.465754
	0.311832	0.200223	0.123419	0
	0	0	0	0
	0	0	0	0
	0	0	0	0
	0	0.0847821	0.110905	0.141955
	0.17457	0.204682	0.231274	0.252547
	0.270771	0.284536	0.29181	0.294704
	0.294782	0.286726	0.248637	0.242067
	0.219933	0.196391	0.174022	0.149542
	0.129207	0.105274	0.0911955	53.2806
	53.809	52.6661	50.2096	46.7414
	42.8835	38.8674	34.6743	30.5463
	26.784	23.2564	20.1317	17.2112
	14.6236	12.3002	10.2657	8.55017
	7.16667	6.11221	5.4198	4.8282
	4.32498	3.82325	3.36078	2.91474
	2.50655	2.12534	1.79239	1.47594
	1.20768	0.969676	0.768279	0.598324
	0.440335	0.29314	0.187397	0.115207
	0	0	0	0
	0	0	0	0
	0	0	0	0
	0	0	0.085486	0.111531
	0.142346	0.174726	0.205151	0.231978
	0.252469	0.270458	0.28438	0.291654
	0.294469	0.294391	0.28657	0.248559
	0.241911	0.219385	0.195453	0.173475
	0.148603	0.128503	0.104961	0.091352
	53.2806	53.7967	52.653	50.2358
	46.7414	42.8003	38.6704	34.4126
	30.2188	26.4378	22.9207	19.8565
	17.0315	14.4808	12.1972	10.1759
	8.46523	7.06234	5.99114	5.28793
	4.69258	4.18827	3.69725	3.24479
	2.81353	2.41746	2.04822	1.72622
	1.4212	1.1627	0.93495	0.736682
	0.56876	0.41038	0.273665	0.174022
	0.106682	0	0	0
	0	0	0	0
	0	0	0	0
	0	0	0	0.0862682
	0.112235	0.142737	0.174726	0.205073
	0.231978	0.252939	0.269989	0.283911
	0.291106	0.294156	0.293453	0.286101
	0.248168	0.24152	0.218838	0.194514
	0.172771	0.147743	0.127642	0.104492
	0.0915866	53.2806	53.7849	52.653
	50.2358	46.7416	42.7477	38.5211
	34.1893	29.9504	26.1099	22.5912
	19.5488	16.7773	14.301	12.0486
	10.0578	8.36504	6.9526	5.87625
	5.15607	4.56079	4.05226	3.56953
	3.12544	2.70834	2.3233	1.9679
	1.65646	1.36566	1.11804	0.897955
	0.701564	0.536458	0.380346	0.252547
	0.159006	0.0976089	0	0
	0	0	0	0
	0	0	0	0
	0	0	0	0
	0.0870503	0.11286	0.143207	0.174804
	0.204916	0.231274	0.252782	0.269363
	0.283363	0.29048	0.293687	0.292514
	0.285084	0.247307	0.240894	0.217978
	0.193575	0.171832	0.14657	0.126782
	0.104101	0.0916648	53.2806	53.7565
	52.6267	50.1833	46.7383	42.6943
	38.4126	34.0167	29.7034	25.801
	22.2728	19.2405	16.4987	14.0566
	11.8559	9.91051	8.24756	6.84819
	5.76456	5.03093	4.42642	3.92008
	3.44032	3.00718	2.60244	2.22842
	1.88726	1.58732	1.31092	1.07464
	0.855877	0.66457	0.50181	0.349061
	0.230335	0.143989	0.0883017	0
	0	0	0	0
	0	0	0	0
	0	0	0	0
	0	0.0879106	0.113486	0.143676
	0.174883	0.204603	0.230101	0.251609
	0.268816	0.282659	0.289777	0.292905
	0.291575	0.283989	0.246369	0.239955
	0.216961	0.19248	0.170659	0.145318
	0.125844	0.103553	0.0916648	53.2806
	53.7047	52.6004	50.1833	46.7414
	42.6689	38.3562	33.8845	29.506
	25.5457	21.9917	18.9454	16.2025
	13.7913	11.6177	9.72468	8.10811
	6.74073	5.65921	4.90978	4.29503
	3.78634	3.31315	2.88689	2.49161
	2.13144	1.80397	1.51732	1.25413
	1.0245	0.807777	0.622179	0.456212
	0.315587	0.206872	0.128737	0.0786034
	0	0	0	0
	0	0	0	0
	0	0	0	0
	0	0	0.0888492	0.114268
	0.144145	0.174961	0.204291	0.229397
	0.250905	0.268268	0.282034	0.288916
	0.291966	0.29048	0.282659	0.245117
	0.23886	0.215866	0.191307	0.169408
	0.144145	0.124905	0.103006	0.091743
	53.2806	53.6776	52.5741	50.159
	46.7414	42.6947	38.3426	33.8127
	29.37	25.349	21.7306	18.6539
	15.8977	13.5141	11.3731	9.52477
	7.94371	6.61809	5.54768	4.78307
	4.16457	3.65009	3.1805	2.76003
	2.37593	2.02758	1.71504	1.44161
	1.19133	0.961933	0.752872	0.571732
	0.411318	0.279531	0.181609	0.112547
	0	0	0	0
	0	0	0	0
	0	0	0	0
	0	0	0	0.0898659
	0.115128	0.144771	0.175039	0.203821
	0.229006	0.250358	0.267799	0.281251
	0.287899	0.29095	0.289151	0.281251
	0.243709	0.237531	0.214849	0.190056
	0.168156	0.143207	0.124045	0.102693
	0.0918212	53.2806	53.6514	52.5741
	50.1307	46.7414	42.7214	38.3593
	33.7913	29.2859	25.2045	21.5128
	18.3778	15.6006	13.2277	11.118
	9.31313	7.77735	6.48654	5.43083
	4.65183	4.02582	3.50946	3.04379
	2.62692	2.25674	1.9205	1.62353
	1.36269	1.11679	0.891464	0.692022
	0.515575	0.36314	0.243318	0.157128
	0.0972961	0	0	0
	0	0	0	0
	0	0	0	0
	0	0	0	0
	0.0910391	0.116067	0.145318	0.175117
	0.203587	0.228693	0.249732	0.267095
	0.280547	0.286726	0.289698	0.287665
	0.279765	0.241911	0.236358	0.213676
	0.188883	0.166749	0.142425	0.123184
	0.10238	0.0918994	53.2806	53.6252
	52.5216	50.1307	46.7518	42.7477
	38.4403	33.8038	29.2477	25.0996
	21.3202	18.1366	15.3201	12.943
	10.8587	9.0885	7.60122	6.34004
	5.29646	4.51426	3.8823	3.36493
	2.9016	2.49239	2.13394	1.81116
	1.52975	1.27455	1.03279	0.814972
	0.623978	0.457151	0.314648	0.208123
	0.133274	0.0829832	0	0
	0	0	0	0
	0	0	0	0
	0	0	0	0
	0	0.0921341	0.117006	0.145866
	0.175352	0.203508	0.22838	0.249106
	0.266313	0.279765	0.285631	0.288369
	0.286101	0.278045	0.239955	0.23495
	0.212503	0.187631	0.165341	0.141564
	0.122324	0.101911	0.0921341	53.2806
	53.5726	52.4921	50.0891	46.7677
	42.7946	38.5142	33.8457	29.2462
	25.0219	21.1807	17.9291	15.0764
	12.6759	10.6091	8.86137	7.40577
	6.16493	5.14637	4.35682	3.72619
	3.20248	2.74947	2.3502	2.00521
	1.69588	1.42612	1.17272	0.938626
	0.732536	0.551475	0.387307	0.267017
	0.174492	0.111296	0	0
	0	0	0	0
	0	0	0	0
	0	0	0	0
	0	0	0.0933855	0.117866
	0.146492	0.175665	0.20343	0.227989
	0.24848	0.265531	0.278827	0.284458
	0.286961	0.284458	0.276168	0.237844
	0.233229	0.211095	0.186145	0.164011
	0.140469	0.121464	0.10152	0.0923687
	53.2806	53.52	52.3903	50.0519
	46.7414	42.8528	38.5833	33.9278
	29.2735	24.9818	21.0626	17.7635
	14.8493	12.4203	10.3554	8.62056
	7.19013	5.9712	4.96984	4.18272
	3.55655	3.03769	2.59477	2.20426
	1.87522	1.57653	1.30888	1.06298
	0.840939	0.646425	0.466771	0.326223
	0.222358	0.144067	0.0921341	0
	0	0	0	0
	0	0	0	0
	0	0	0	0
	0	0	0	0.0946369
	0.118961	0.147196	0.176056	0.203352
	0.227598	0.247777	0.26467	0.27781
	0.283207	0.28524	0.282816	0.274134
	0.235575	0.231352	0.209531	0.184581
	0.162525	0.139218	0.12076	0.101128
	0.0927598	53.2806	53.4985	52.364
	49.9993	46.7414	42.9054	38.6574
	34.0241	29.3349	24.9847	20.9908
	17.6253	14.6453	12.1755	10.0932
	8.37098	6.95088	5.75721	4.77963
	3.99547	3.37423	2.86413	2.42896
	2.05558	1.73897	1.44568	1.18484
	0.951922	0.741296	0.559296	0.393408
	0.27038	0.182078	0.116693	0
	0	0	0	0
	0	0	0	0
	0	0	0	0
	0	0	0	0
	0.0959665	0.120056	0.147978	0.176369
	0.203274	0.227207	0.247151	0.26381
	0.276715	0.281955	0.283598	0.281173
	0.272257	0.233464	0.229475	0.207966
	0.182939	0.161039	0.137888	0.119978
	0.100894	0.0932291	53.2806	53.4626
	52.3114	49.9502	46.7414	42.9465
	38.7554	34.13	29.4217	25.0153
	20.9528	17.5052	14.4417	11.9187
	9.81126	8.09419	6.68637	5.51053
	4.55203	3.78751	3.17417	2.67791
	2.25916	1.90064	1.59272	1.30583
	1.05727	0.836872	0.641106	0.473732
	0.32286	0.21962	0.146179	0.0942458
	0	0	0	0
	0	0	0	0
	0	0	0	0
	0	0	0	0
	0	0.0974525	0.121229	0.148838
	0.17676	0.203196	0.226816	0.246369
	0.262872	0.27562	0.280626	0.282034
	0.279374	0.270302	0.231508	0.227363
	0.206246	0.181218	0.159397	0.136637
	0.119196	0.100816	0.0936983	53.2806
	53.44	52.2397	49.8942	46.6888
	42.9841	38.8227	34.2218	29.521
	25.0645	20.9288	17.3687	14.2143
	11.6342	9.50991	7.78416	6.38994
	5.23444	4.30606	3.55944	2.96737
	2.48621	2.08139	1.73217	1.43543
	1.16396	0.929944	0.72448	0.544123
	0.380894	0.260525	0.17543	0.115363
	0	0	0	0
	0	0	0	0
	0	0	0	0
	0	0	0	0
	0	0.0785251	0.0988603	0.12248
	0.149698	0.177151	0.203196	0.226425
	0.245743	0.261855	0.274447	0.279218
	0.280313	0.277497	0.267721	0.229475
	0.225173	0.204291	0.179419	0.157989
	0.135307	0.11857	0.100737	0.0941676
	53.2806	53.3624	52.1771	49.7892
	46.6363	42.9841	38.8621	34.2963
	29.6065	25.1198	20.8984	17.2174
	13.9689	11.3369	9.18017	7.4473
	6.06787	4.93668	4.04107	3.32543
	2.7483	2.28333	1.89102	1.55846
	1.27721	1.02442	0.80543	0.616547
	0.441117	0.306358	0.20695	0.138514
	0.0912737	0	0	0
	0	0	0	0
	0	0	0	0
	0	0	0	0
	0	0	0.0801676	0.100425
	0.123732	0.150559	0.17762	0.203196
	0.225955	0.244961	0.260916	0.273196
	0.27781	0.278592	0.275542	0.265296
	0.227363	0.223061	0.202257	0.17762
	0.156425	0.134212	0.117944	0.100737
	0.0945587	53.2806	53.3096	52.075
	49.7103	46.5837	42.969	38.9038
	34.3461	29.6602	25.1412	20.8429
	17.0461	13.721	11.0195	8.83212
	7.09245	5.72796	4.62516	3.76303
	3.07672	2.51765	2.07028	1.69869
	1.38412	1.12078	0.88552	0.685609
	0.512838	0.355944	0.239955	0.161743
	0.106916	0	0	0
	0	0	0	0
	0	0	0	0
	0	0	0	0
	0	0	0	0.0818101
	0.102067	0.125061	0.151497	0.178089
	0.203274	0.225564	0.244257	0.259899
	0.271944	0.276246	0.276793	0.273508
	0.262872	0.225095	0.220715	0.200302
	0.175665	0.15486	0.133117	0.117553
	0.100816	0.0949497	53.2806	53.2311
	51.9962	49.6103	46.5053	42.9054
	38.896	34.3611	29.6881	25.109
	20.7334	16.8459	13.4435	10.692
	8.47274	6.71812	5.37506	4.31223
	3.47482	2.81494	2.28732	1.85903
	1.50997	1.21526	0.973039	0.756626
	0.573765	0.408034	0.281408	0.184503
	0.12467	0.0831397	0	0
	0	0	0	0
	0	0	0	0
	0	0	0	0
	0	0	0	0
	0.0835307	0.103709	0.126469	0.152514
	0.178559	0.203352	0.225095	0.243475
	0.258883	0.270615	0.274682	0.274916
	0.271475	0.260369	0.222749	0.218447
	0.198268	0.173788	0.153218	0.132179
	0.117162	0.100737	0.0953408	53.2806
	53.1811	51.896	49.5081	46.3998
	42.8528	38.8618	34.3416	29.6647
	25.0306	20.5875	16.6041	13.1325
	10.3365	8.09599	6.35334	5.02874
	3.99422	3.18746	2.56474	2.0648
	1.66092	1.33282	1.06017	0.835777
	0.639464	0.460592	0.326693	0.218447
	0.140626	0.0958101	0	0
	0	0	0	0
	0	0	0	0
	0	0	0	0
	0	0	0	0
	0	0.0853296	0.105274	0.127877
	0.153531	0.179028	0.20343	0.224626
	0.242693	0.257788	0.269207	0.273039
	0.272961	0.269441	0.257866	0.220402
	0.216101	0.196156	0.171911	0.151654
	0.13124	0.116615	0.100659	0.0955754
	53.2806	53.1259	51.7862	49.38
	46.2878	42.7279	38.7502	34.2683
	29.5684	24.8948	20.3847	16.312
	12.7883	9.95869	7.70196	5.96963
	4.6821	3.68075	2.90793	2.32134
	1.84925	1.47368	1.16974	0.91962
	0.71181	0.531922	0.372447	0.256693
	0.165966	0.105665	0	0
	0	0	0	0
	0	0	0	0
	0	0	0	0
	0	0	0	0
	0	0	0.0871285	0.106994
	0.129363	0.154547	0.179575	0.20343
	0.224235	0.241911	0.256771	0.267877
	0.271475	0.270849	0.267408	0.255363
	0.217899	0.213754	0.194123	0.170112
	0.149933	0.130458	0.115832	0.100425
	0.0958883	53.2806	53.0734	51.6809
	49.2443	46.1445	42.5411	38.6086
	34.1171	29.3858	24.6815	20.1196
	15.971	12.4178	9.56638	7.31168
	5.5975	4.33828	3.37486	2.6453
	2.08952	1.64926	1.29801	1.02028
	0.790179	0.600592	0.426961	0.298458
	0.198503	0.123341	0.0811844	0
	0	0	0	0
	0	0	0	0
	0	0	0	0
	0	0	0	0
	0	0	0	0.0890056
	0.108715	0.130849	0.155564	0.180045
	0.203508	0.223844	0.240972	0.255676
	0.266469	0.269832	0.268816	0.265374
	0.253017	0.21524	0.211642	0.192168
	0.168469	0.148603	0.129676	0.114816
	0.100112	0.0962011	53.2806	53.0192
	51.5701	49.092	45.9604	42.3646
	38.4054	33.8993	29.1465	24.3915
	19.7883	15.6083	12.0326	9.19354
	6.9404	5.25743	4.02379	3.10026
	2.40307	1.88061	1.4646	1.14393
	0.886145	0.67638	0.503922	0.348514
	0.236514	0.151419	0.0923687	0
	0	0	0	0
	0	0	0	0
	0	0	0	0
	0	0	0	0
	0	0	0	0
	0.0908827	0.110514	0.132335	0.156659
	0.180592	0.203587	0.223453	0.240112
	0.254503	0.26514	0.26819	0.26686
	0.263341	0.250592	0.212972	0.209296
	0.190291	0.166514	0.147196	0.128659
	0.113799	0.0997207	0.0964358	53.2806
	52.963	51.4444	48.9417	45.7819
	42.0788	38.1475	33.5984	28.8352
	24.0336	19.4049	15.2268	11.6468
	8.81265	6.5994	4.94278	3.7484
	2.8542	2.18189	1.69064	1.29754
	1.00401	0.768827	0.575173	0.409441
	0.281095	0.184581	0.111844	0
	0	0	0	0
	0	0	0	0
	0	0	0	0
	0	0	0	0
	0	0	0	0
	0	0.092838	0.112391	0.133899
	0.157754	0.18114	0.203587	0.223061
	0.239173	0.253408	0.263732	0.266547
	0.264905	0.261151	0.248168	0.210782
	0.20695	0.188101	0.164637	0.145631
	0.127486	0.112939	0.099486	0.0967486
	53.2806	52.8894	51.3001	48.7616
	45.556	41.8347	37.8238	33.2351
	28.4555	23.6029	18.9743	14.7921
	11.2594	8.45303	6.28577	4.66325
	3.5018	2.64068	1.99512	1.52084
	1.15488	0.884972	0.664648	0.488358
	0.339285	0.223922	0.142894	0.0832179
	0	0	0	0
	0	0	0	0
	0	0	0	0
	0	0	0	0
	0	0	0	0
	0	0	0.0947933	0.114268
	0.135307	0.158771	0.181687	0.203743
	0.22267	0.238235	0.252235	0.262402
	0.264827	0.26295	0.258883	0.245508
	0.208514	0.204916	0.186302	0.162838
	0.143676	0.126078	0.112	0.0991732
	0.096905	53.2806	52.8107	51.1631
	48.5543	45.3035	41.5026	37.4274
	32.7903	27.9883	23.1212	18.514
	14.3469	10.8656	8.11273	5.99943
	4.41946	3.29125	2.46158	1.83244
	1.38115	1.03537	0.781732	0.577676
	0.41038	0.281251	0.179966	0.109263
	0	0	0	0
	0	0	0	0
	0	0	0	0
	0	0	0	0
	0	0	0	0
	0	0	0.0800894	0.0966704
	0.116145	0.136872	0.159866	0.182235
	0.203821	0.222279	0.237296	0.251218
	0.261073	0.263106	0.261073	0.256693
	0.243397	0.206559	0.203039	0.184346
	0.160804	0.141877	0.124749	0.110983
	0.0988603	0.0970615	53.2806	52.7318
	51.0503	48.3451	45.0378	41.1659
	36.9713	32.2748	27.4455	22.571
	18.0054	13.8789	10.4932	7.78963
	5.73703	4.20704	3.11566	2.30218
	1.69533	1.26039	0.933385	0.691475
	0.506659	0.35133	0.234246	0.144615
	0.0849385	0	0	0
	0	0	0	0
	0	0	0	0
	0	0	0	0
	0	0	0	0
	0	0	0	0.0819665
	0.0985475	0.117944	0.138436	0.160961
	0.18286	0.203899	0.221966	0.236436
	0.250045	0.259665	0.261464	0.259117
	0.254268	0.241128	0.204447	0.201162
	0.182156	0.158693	0.14	0.123419
	0.109966	0.0986257	0.0972179	53.2806
	52.6793	50.8848	48.1266	44.7733
	40.7814	36.486	31.7155	26.8498
	21.988	17.4608	13.4111	10.1138
	7.47694	5.50051	4.02066	2.95815
	2.16523	1.57723	1.1595	0.846413
	0.615609	0.438771	0.300883	0.196391
	0.116927	0	0	0
	0	0	0	0
	0	0	0	0
	0	0	0	0
	0	0	0	0
	0	0	0	0
	0.084	0.100581	0.119899	0.14
	0.162134	0.183486	0.204056	0.221654
	0.235575	0.249028	0.258179	0.259743
	0.257084	0.251922	0.238313	0.202101
	0.198894	0.180045	0.156346	0.137888
	0.122089	0.109106	0.0983128	0.0974525
	53.2806	52.6004	50.7329	47.9052
	44.438	40.3596	35.9673	31.1273
	26.2033	21.3814	16.8954	12.9323
	9.74635	7.18708	5.2841	3.85618
	2.8208	2.04509	1.47618	1.07276
	0.770078	0.552179	0.386916	0.260134
	0.165732	0.0970615	0	0
	0	0	0	0
	0	0	0	0
	0	0	0	0
	0	0	0	0
	0	0	0	0
	0	0.0859553	0.102536	0.121777
	0.141486	0.163151	0.184112	0.204134
	0.221419	0.234872	0.247933	0.256771
	0.258179	0.255128	0.249732	0.235575
	0.200067	0.19686	0.177777	0.154235
	0.135698	0.120682	0.10848	0.0980782
	0.0976872	53.2806	52.5368	50.5726
	47.6754	44.0875	39.924	35.4235
	30.4948	25.5283	20.7166	16.3199
	12.4639	9.36897	6.90794	5.09029
	3.70632	2.70302	1.94162	1.38553
	0.996894	0.703911	0.497978	0.342726
	0.226972	0.141408	0.0783687	0
	0	0	0	0
	0	0	0	0
	0	0	0	0
	0	0	0	0
	0	0	0	0
	0	0	0.0879888	0.104492
	0.123654	0.143128	0.164324	0.184737
	0.204369	0.221106	0.234246	0.246916
	0.255363	0.256536	0.253173	0.247464
	0.233229	0.197642	0.194514	0.175508
	0.152123	0.133743	0.119352	0.107855
	0.0979218	0.0979218	53.2806	52.4562
	50.4139	47.4382	43.7442	39.4726
	34.8543	29.8125	24.8276	20.0229
	15.7265	11.9905	9.01295	6.65282
	4.90931	3.56898	2.59055	1.85191
	1.30685	0.926268	0.645173	0.45152
	0.306279	0.199285	0.121151	0
	0	0	0	0
	0	0	0	0
	0	0	0	0
	0	0	0	0
	0	0	0	0
	0	0	0	0.0900223
	0.106603	0.125609	0.144693	0.165575
	0.185441	0.204603	0.220872	0.23362
	0.245899	0.254112	0.254894	0.25114
	0.24543	0.230804	0.195296	0.192089
	0.173084	0.150168	0.131866	0.117944
	0.107151	0.0976872	0.0979218	53.2806
	52.3903	50.2563	47.1885	43.3786
	38.9889	34.2668	29.1349	24.0997
	19.3377	15.1472	11.541	8.68555
	6.41677	4.73544	3.43907	2.48606
	1.76564	1.23912	0.865106	0.597229
	0.412179	0.275307	0.176369	0.102927
	0	0	0	0
	0	0	0	0
	0	0	0	0
	0	0	0	0
	0	0	0	0
	0	0	0	0
	0.0921341	0.108559	0.127642	0.146335
	0.166749	0.186145	0.204916	0.220715
	0.233151	0.245039	0.252782	0.253251
	0.249184	0.243397	0.228536	0.193497
	0.190056	0.170659	0.148369	0.129911
	0.116771	0.106525	0.0975307	0.0979218
	53.2806	52.3114	50.085	46.9196
	43.0126	38.4847	33.6778	28.4401
	23.3803	18.6758	14.5797	11.1128
	8.36082	6.19199	4.57073	3.30455
	2.39017	1.68774	1.17389	0.80848
	0.553196	0.374402	0.249028	0.156659
	0.0866592	0	0	0
	0	0	0	0
	0	0	0	0
	0	0	0	0
	0	0	0	0
	0	0	0	0
	0	0.0941676	0.11067	0.12952
	0.147978	0.167922	0.186849	0.205151
	0.220637	0.232682	0.244101	0.251531
	0.251765	0.247229	0.241285	0.226425
	0.191151	0.188022	0.167922	0.146257
	0.127877	0.115363	0.105743	0.0972961
	0.0978436	53.2806	52.2222	49.9414
	46.664	42.6358	37.9894	33.0722
	27.7551	22.6701	18.0408	14.0379
	10.6962	8.05461	5.97096	4.39788
	3.1755	2.2892	1.60249	1.10506
	0.754201	0.512838	0.343196	0.22533
	0.137575	0	0	0
	0	0	0	0
	0	0	0	0
	0	0	0	0
	0	0	0	0
	0	0	0	0
	0	0.0796983	0.0961229	0.112704
	0.131397	0.14962	0.169017	0.187553
	0.205307	0.22048	0.232212	0.24324
	0.250279	0.250201	0.245352	0.239408
	0.224	0.188961	0.18552	0.165575
	0.143989	0.126156	0.113877	0.105117
	0.096905	0.0976872	53.2806	52.1538
	49.7623	46.426	42.2857	37.5221
	32.4671	27.1141	22.0186	17.4503
	13.5482	10.3087	7.76429	5.75728
	4.23261	3.04692	2.18103	1.51622
	1.03178	0.698905	0.470212	0.313084
	0.203196	0.119665	0	0
	0	0	0	0
	0	0	0	0
	0	0	0	0
	0	0	0	0
	0	0	0	0
	0	0	0.0814972	0.098
	0.114581	0.133352	0.151184	0.170034
	0.188257	0.205464	0.220324	0.231665
	0.242458	0.249184	0.248637	0.243553
	0.237374	0.222201	0.186927	0.18333
	0.163777	0.142268	0.124514	0.112626
	0.104648	0.0965922	0.0975307	53.2806
	52.1013	49.6069	46.1672	41.9237
	37.0356	31.8978	26.488	21.4026
	16.9169	13.0963	9.95275	7.49587
	5.55636	4.06641	2.91599	2.06848
	1.4262	0.957318	0.643061	0.431106
	0.284458	0.182704	0.102693	0
	0	0	0	0
	0	0	0	0
	0	0	0	0
	0	0	0	0
	0	0	0	0
	0	0	0	0.0832961
	0.0998771	0.116458	0.135151	0.152905
	0.171207	0.188883	0.205698	0.220168
	0.231196	0.241754	0.248089	0.246994
	0.241989	0.235497	0.220246	0.184503
	0.181765	0.161587	0.140469	0.123028
	0.111453	0.104179	0.0962011	0.0976089
	53.2806	52.0224	49.4281	45.9187
	41.5822	36.5519	31.3376	25.8847
	20.8397	16.4261	12.6854	9.62872
	7.25028	5.36466	3.90686	2.7817
	1.95523	1.32812	0.882313	0.587609
	0.393799	0.258726	0.16276	0.0859553
	0	0	0	0
	0	0	0	0
	0	0	0	0
	0	0	0	0
	0	0	0	0
	0	0	0	0
	0.0850168	0.101832	0.118413	0.13695
	0.154547	0.17238	0.189587	0.205933
	0.220089	0.230726	0.240972	0.246994
	0.245508	0.24019	0.233698	0.218212
	0.182235	0.179654	0.159006	0.13867
	0.121542	0.110592	0.103709	0.0959665
	0.0977654	53.2806	51.9699	49.2741
	45.6442	41.2192	36.1162	30.8084
	25.3343	20.3278	15.9956	12.3166
	9.33839	7.02683	5.18884	3.76483
	2.65914	1.84464	1.23427	0.806682
	0.535676	0.358134	0.235106	0.145397
	0	0	0	0
	0	0	0	0
	0	0	0	0
	0	0	0	0
	0	0	0	0
	0	0	0	0
	0	0.0868156	0.103631	0.120212
	0.138749	0.156112	0.173553	0.190291
	0.206168	0.219933	0.230257	0.24019
	0.246056	0.244022	0.238547	0.231743
	0.21657	0.180279	0.176994	0.15752
	0.136793	0.120056	0.109575	0.103162
	0.0955754	0.0979218	53.2806	51.9045
	49.1215	45.4231	40.8992	35.6901
	30.3236	24.8577	19.8705	15.6196
	12.0079	9.08303	6.81597	5.03015
	3.62858	2.54182	1.73796	1.1444
	0.734804	0.487106	0.325207	0.215084
	0.128425	0	0	0
	0	0	0	0
	0	0	0	0
	0	0	0	0
	0	0	0	0
	0	0	0	0
	0	0	0.0885363	0.105508
	0.122089	0.140547	0.157676	0.174648
	0.190994	0.20648	0.219855	0.229866
	0.239486	0.245117	0.242693	0.236983
	0.229866	0.214771	0.177933	0.175587
	0.155564	0.135151	0.118648	0.108559
	0.102615	0.0953408	0.0982346	53.2806
	51.8385	48.9687	45.1649	40.5675
	35.2673	29.8749	24.4196	19.4889
	15.2793	11.7342	8.86646	6.63678
	4.8853	3.50673	2.43178	1.63964
	1.0586	0.669575	0.442994	0.297285
	0.195922	0.111609	0	0
	0	0	0	0
	0	0	0	0
	0	0	0	0
	0	0	0	0
	0	0	0	0
	0	0	0	0.090257
	0.107385	0.12381	0.142268	0.15924
	0.175743	0.191698	0.206793	0.219777
	0.229475	0.23886	0.244179	0.24152
	0.235184	0.227832	0.212425	0.175743
	0.173709	0.153218	0.133743	0.117475
	0.107542	0.102067	0.0950279	0.0986257
	53.2806	51.7666	48.7914	44.9237
	40.2522	34.8857	29.4597	24.0239
	19.1521	14.9988	11.5064	8.68696
	6.48927	4.75789	3.39207	2.33073
	1.54383	0.976089	0.61076	0.401542
	0.271631	0.179028	0.093933	0
	0	0	0	0
	0	0	0	0
	0	0	0	0
	0	0	0	0
	0	0	0	0
	0	0	0	0
	0.0918994	0.109184	0.125609	0.143989
	0.160726	0.17676	0.192402	0.207106
	0.219777	0.229084	0.238156	0.24324
	0.24019	0.233385	0.225955	0.210704
	0.173866	0.171128	0.151497	0.132179
	0.11638	0.10676	0.101676	0.0947933
	0.099095	53.2806	51.6888	48.6239
	44.6992	39.9383	34.5199	29.0936
	23.6699	18.8356	14.7516	11.3004
	8.5192	6.34912	4.62899	3.28507
	2.22498	1.4542	0.899754	0.55914
	0.368927	0.250123	0.162838	0.0783687
	0	0	0	0
	0	0	0	0
	0	0	0	0
	0	0	0	0
	0	0	0	0
	0	0	0	0
	0	0.0936201	0.110905	0.127251
	0.145553	0.162212	0.177777	0.193106
	0.207419	0.219698	0.228693	0.237531
	0.242302	0.238939	0.231665	0.223844
	0.208905	0.171598	0.169721	0.149542
	0.130849	0.115363	0.105899	0.101285
	0.0946369	0.0996425	53.2806	51.6283
	48.4865	44.4633	39.6568	34.1875
	28.7574	23.3664	18.5642	14.5161
	11.1153	8.36449	6.21686	4.50393
	3.16392	2.11439	1.36293	0.829754
	0.51276	0.339676	0.231117	0.144615
	0	0	0	0
	0	0	0	0
	0	0	0	0
	0	0	0	0
	0	0	0	0
	0	0	0	0
	0	0	0.0951844	0.112626
	0.128972	0.147117	0.16362	0.178872
	0.193888	0.207732	0.219698	0.228302
	0.236905	0.241207	0.237531	0.229866
	0.221888	0.206793	0.169408	0.167844
	0.147821	0.129363	0.114503	0.105196
	0.100894	0.0947151	0.10019	53.2806
	51.5495	48.3329	44.2663	39.386
	33.8985	28.4716	23.1002	18.3261
	14.3042	10.9382	8.22981	6.0828
	4.36964	3.0398	2.00169	1.27158
	0.764682	0.470369	0.31457	0.213363
	0.12733	0	0	0
	0	0	0	0
	0	0	0	0
	0	0	0	0
	0	0	0	0
	0	0	0	0
	0	0	0	0.0967486
	0.114268	0.130615	0.148603	0.165028
	0.17981	0.194592	0.208123	0.21962
	0.227989	0.236201	0.240112	0.236201
	0.228223	0.220089	0.204838	0.167687
	0.16581	0.145866	0.12819	0.113721
	0.10457	0.100581	0.0948715	0.100737
	53.2806	51.5232	48.1864	44.0808
	39.1086	33.6149	28.2041	22.8868
	18.1453	14.1089	10.7744	8.08308
	5.94038	4.23394	2.90692	1.88546
	1.17725	0.704223	0.435251	0.292045
	0.196235	0.109263	0	0
	0	0	0	0
	0	0	0	0
	0	0	0	0
	0	0	0	0
	0	0	0	0
	0	0	0	0.0790726
	0.0982346	0.115754	0.132257	0.150089
	0.166279	0.180592	0.195218	0.208358
	0.219542	0.227598	0.235419	0.239095
	0.23495	0.226503	0.218212	0.202726
	0.165888	0.163777	0.144615	0.126782
	0.112782	0.103866	0.100425	0.0951061
	0.101285	53.2806	51.4706	48.055
	43.8775	38.865	33.3403	27.9719
	22.7182	17.9978	13.9455	10.6293
	7.9355	5.79178	4.06962	2.75902
	1.76165	1.08746	0.648458	0.404279
	0.271788	0.180201	0.0910391	0
	0	0	0	0
	0	0	0	0
	0	0	0	0
	0	0	0	0
	0	0	0	0
	0	0	0	0
	0.080324	0.0996425	0.117318	0.133743
	0.151575	0.167453	0.181453	0.195765
	0.208592	0.219385	0.226816	0.234324
	0.238078	0.23362	0.224939	0.216492
	0.200302	0.164011	0.162056	0.14305
	0.125374	0.112156	0.10324	0.100346
	0.0953408	0.101832	53.2806	51.4076
	47.9287	43.6936	38.6414	33.122
	27.7768	22.5735	17.8669	13.8286
	10.4944	7.78001	5.62667	3.89716
	2.60932	1.6423	1.00378	0.602391
	0.377453	0.254034	0.165184	0
	0	0	0	0
	0	0	0	0
	0	0	0	0
	0	0	0	0
	0	0	0	0
	0	0	0	0
	0	0.0815754	0.10105	0.118804
	0.135229	0.152905	0.168469	0.182156
	0.196391	0.208749	0.219151	0.226346
	0.233542	0.23714	0.232212	0.223374
	0.215084	0.197955	0.162212	0.159788
	0.141564	0.124123	0.111374	0.102771
	0.100425	0.0957318	0.102223	53.2806
	51.3827	47.8332	43.522	38.4335
	32.9341	27.6282	22.4642	17.7651
	13.7161	10.3646	7.62523	5.45758
	3.72627	2.45688	1.52835	0.931978
	0.562112	0.35352	0.239017	0.151966
	0	0	0	0
	0	0	0	0
	0	0	0	0
	0	0	0	0
	0	0	0	0
	0	0	0	0
	0	0	0.0826704	0.10238
	0.120134	0.136637	0.154156	0.169564
	0.182782	0.19686	0.209061	0.219073
	0.226034	0.232838	0.236123	0.230648
	0.221654	0.21352	0.195609	0.160101
	0.157676	0.140313	0.12295	0.110749
	0.102536	0.100503	0.0960447	0.102693
	53.2806	51.3393	47.7135	43.3312
	38.2791	32.7622	27.5208	22.3643
	17.6877	13.6188	10.2462	7.46615
	5.28301	3.56445	2.31235	1.42667
	0.869017	0.526916	0.33467	0.22619
	0.136402	0	0	0
	0	0	0	0
	0	0	0	0
	0	0	0	0
	0	0	0	0
	0	0	0	0
	0	0	0	0.0837654
	0.103553	0.121464	0.137966	0.155408
	0.170581	0.18333	0.19733	0.209218
	0.21876	0.225564	0.231978	0.23495
	0.229084	0.219777	0.211721	0.193263
	0.158067	0.155721	0.139218	0.121933
	0.110201	0.10238	0.100503	0.0964358
	0.10324	53.2806	51.2868	47.6346
	43.2013	38.0671	32.6044	27.4192
	22.2788	17.6288	13.544	10.1405
	7.31832	5.10781	3.40654	2.18009
	1.33438	0.815676	0.498525	0.320436
	0.215006	0.121777	0	0
	0	0	0	0
	0	0	0	0
	0	0	0	0
	0	0	0	0
	0	0	0	0
	0	0	0	0
	0.0847821	0.104726	0.122637	0.139218
	0.156581	0.17152	0.183955	0.197877
	0.20914	0.218525	0.224939	0.231039
	0.23362	0.227441	0.217978	0.21
	0.191229	0.15619	0.153844	0.138436
	0.120916	0.109732	0.10238	0.100581
	0.0967486	0.103866	53.2806	51.2342
	47.5417	43.0529	37.9214	32.466
	27.3394	22.2365	17.5738	13.4807
	10.0262	7.17215	4.93152	3.2566
	2.06136	1.25703	0.769061	0.475061
	0.307844	0.205151	0.109184	0
	0	0	0	0
	0	0	0	0
	0	0	0	0
	0	0	0	0
	0	0	0	0
	0	0	0	0
	0	0.0857207	0.105743	0.12381
	0.140391	0.15752	0.17238	0.184425
	0.19819	0.209453	0.218525	0.224235
	0.229944	0.232056	0.225799	0.216101
	0.207966	0.188961	0.15533	0.152045
	0.137419	0.119899	0.109341	0.102458
	0.100659	0.0971397	0.104492	53.2806
	51.2079	47.4508	42.93	37.7408
	32.3641	27.2828	22.2128	17.5548
	13.4356	9.94422	7.03574	4.7776
	3.11363	1.95085	1.18687	0.729251
	0.455821	0.297832	0.197095	0.0956536
	0	0	0	0
	0	0	0	0
	0	0	0	0
	0	0	0	0
	0	0	0	0
	0	0	0	0
	0	0	0.086581	0.10676
	0.124827	0.141486	0.158536	0.17324
	0.184894	0.198503	0.209531	0.218447
	0.223218	0.228536	0.230179	0.223922
	0.214223	0.205933	0.186771	0.154704
	0.150324	0.136559	0.119117	0.10895
	0.102615	0.100737	0.0975307	0.104961
	53.2806	51.1817	47.3691	42.8003
	37.5851	32.2612	27.2403	22.2118
	17.561	13.4182	9.86773	6.92179
	4.63752	2.9874	1.85449	1.12766
	0.698201	0.440101	0.287196	0.190603
	0.0852514	0	0	0
	0	0	0	0
	0	0	0	0
	0	0	0	0
	0	0	0	0
	0	0	0	0
	0	0	0	0.0873631
	0.10762	0.125844	0.142503	0.159475
	0.173944	0.185441	0.198737	0.209531
	0.217821	0.222749	0.227911	0.228302
	0.222045	0.211799	0.203508	0.185128
	0.153061	0.148838	0.135933	0.11857
	0.108872	0.102536	0.100816	0.098
	0.10543	53.2806	51.1554	47.2668
	42.6986	37.4519	32.1589	27.2251
	22.2278	17.5866	13.4155	9.7946
	6.79579	4.50417	2.87641	1.76861
	1.08183	0.671218	0.427587	0.281173
	0.183642	0	0	0
	0	0	0	0
	0	0	0	0
	0	0	0	0
	0	0	0	0
	0	0	0	0
	0	0	0	0
	0.0879888	0.10848	0.126704	0.143441
	0.160335	0.17457	0.185911	0.198972
	0.209296	0.217117	0.22095	0.225721
	0.226503	0.220011	0.209609	0.200849
	0.183173	0.152279	0.147587	0.13562
	0.117944	0.108715	0.102458	0.100972
	0.0983128	0.105978	53.2806	51.1124
	47.2182	42.5841	37.3285	32.0603
	27.2173	22.2812	17.6136	13.4172
	9.72789	6.68637	4.39131	2.77677
	1.69752	1.03944	0.650413	0.417419
	0.276011	0.179341	0	0
	0	0	0	0
	0	0	0	0
	0	0	0	0
	0	0	0	0
	0	0	0	0
	0	0	0	0
	0	0.0886145	0.109106	0.127564
	0.144223	0.161117	0.175196	0.18638
	0.199285	0.209061	0.216179	0.220324
	0.224	0.224391	0.217743	0.206793
	0.198268	0.181453	0.151419	0.146257
	0.135151	0.117397	0.108637	0.10238
	0.100972	0.0986257	0.106525	53.2806
	51.1028	47.1617	42.5178	37.2445
	32.0205	27.2373	22.3402	17.6527
	13.4028	9.66328	6.59322	4.30715
	2.69699	1.64535	1.00933	0.635162
	0.411788	0.271788	0.176603	0
	0	0	0	0
	0	0	0	0
	0	0	0	0
	0	0	0	0
	0	0	0	0
	0	0	0	0
	0	0	0.089162	0.10981
	0.128268	0.144927	0.161821	0.175821
	0.187006	0.199598	0.208827	0.215631
	0.218916	0.222201	0.222045	0.215318
	0.204525	0.196078	0.179888	0.150715
	0.145162	0.134603	0.117084	0.108559
	0.102223	0.100894	0.0988603	0.106994
	53.2806	51.1028	47.1355	42.4619
	37.1705	31.9883	27.2424	22.3889
	17.7116	13.4076	9.62457	6.52619
	4.23918	2.64318	1.60374	0.984849
	0.621944	0.40819	0.270458	0.175039
	0	0	0	0
	0	0	0	0
	0	0	0	0
	0	0	0	0
	0	0	0	0
	0	0	0	0
	0	0	0	0.0896313
	0.110279	0.128894	0.145553	0.162447
	0.176369	0.187631	0.199832	0.208749
	0.215084	0.217899	0.220402	0.219542
	0.212894	0.202335	0.19381	0.17895
	0.150089	0.144302	0.134134	0.116771
	0.108715	0.101911	0.100659	0.0990168
	0.107229	53.2806	51.0765	47.0829
	42.3871	37.0912	31.9717	27.2451
	22.4225	17.7451	13.4126	9.60392
	6.47613	4.17388	2.59594	1.56612
	0.963106	0.613497	0.403106	0.271475
	0.174804	0	0	0
	0	0	0	0
	0	0	0	0
	0	0	0	0
	0	0	0	0
	0	0	0	0
	0	0	0	0
	0.0900223	0.110749	0.129363	0.146101
	0.162994	0.176916	0.188179	0.199832
	0.208514	0.214615	0.216726	0.218447
	0.217352	0.210235	0.19952	0.192324
	0.176838	0.149151	0.143441	0.133665
	0.116536	0.108715	0.101598	0.100268
	0.0989385	0.107307	53.2806	51.0765
	47.0829	42.3261	37.0399	31.9439
	27.2424	22.4355	17.7729	13.4263
	9.60721	6.43304	4.12445	2.5523
	1.53891	0.948168	0.608413	0.401073
	0.271084	0.173631	0	0
	0	0	0	0
	0	0	0	0
	0	0	0	0
	0	0	0	0
	0	0	0	0
	0	0	0	0
	0	0.090257	0.110983	0.129754
	0.146492	0.163307	0.177229	0.18857
	0.199911	0.208201	0.214067	0.21524
	0.216648	0.214223	0.207654	0.197251
	0.190212	0.175899	0.148291	0.142346
	0.133508	0.116536	0.10848	0.101285
	0.0999553	0.0989385	0.107385	53.2806
	51.0978	47.0829	42.3402	36.9951
	31.9527	27.2585	22.4405	17.8091
	13.453	9.60979	6.4181	4.09621
	2.52336	1.52389	0.93933	0.605911
	0.400994	0.269285	0.175508	0
	0	0	0	0
	0	0	0	0
	0	0	0	0
	0	0	0	0
	0	0	0	0
	0	0	0	0
	0	0	0.0904134	0.11114
	0.129911	0.146726	0.163542	0.177464
	0.188804	0.199911	0.20781	0.213363
	0.214458	0.21438	0.21219	0.205698
	0.195844	0.189117	0.174726	0.147899
	0.14219	0.13343	0.116536	0.108246
	0.101285	0.0997989	0.099095	0.107385
	53.2806	51.1291	47.1324	42.3316
	37.0019	31.9496	27.2856	22.4661
	17.827	13.4949	9.62707	6.42045
	4.0898	2.51851	1.51708	0.940112
	0.602704	0.402011	0.269128	0.175978
	0	0	0	0
	0	0	0	0
	0	0	0	0
	0	0	0	0
	0	0	0	0
	0	0	0	0
	0	0	0	0.0904916
	0.111296	0.129911	0.146804	0.16362
	0.177542	0.188883	0.199754	0.207575
	0.213207	0.214615	0.213676	0.212268
	0.204056	0.196156	0.187709	0.175117
	0.147508	0.14219	0.133352	0.116771
	0.108168	0.101285	0.0996425	0.0991732
	0.107307
