2
0 180 73
0 180 73

	14.5886	14.7176	14.2328	13.235
	11.8832	10.6834	9.47566	8.27835
	7.16469	6.11546	5.17634	4.3924
	3.74505	3.24002	2.81696	2.488
	2.20798	1.96398	1.73756	1.53815
	1.3512	1.18299	1.02789	0.898682
	0.782101	0.680827	0.591709	0.514905
	0.442682	0.380223	0.32219	0.26762
	0.219061	0.177743	0.143486	0.114235
	0.0815642	0.0539441	0.0342346	0
	0	0	0	0
	0	0	0	0
	0	0	0	0
	0.0281341	0.0359106	0.0436425	0.0505251
	0.056514	0.060581	0.0634637	0.0648715
	0.0660112	0.0670838	0.0686704	0.0696536
	0.0687374	0.0653631	0.0646927	0.062257
	0.058838	0.0553073	0.0473743	0.0387709
	0.0307486	14.5886	14.7175	14.2341
	13.2318	11.8872	10.6794	9.47566
	8.28478	7.16467	6.11542	5.18501
	4.39707	3.74865	3.23966	2.81761
	2.48887	2.21111	1.96458	1.7379
	1.53866	1.35146	1.18324	1.0282
	0.899553	0.782101	0.680425	0.591575
	0.514436	0.441877	0.379508	0.321587
	0.266972	0.218682	0.177475	0.14333
	0.113765	0.0810726	0.0535419	0.0338994
	0	0	0	0
	0	0	0	0
	0	0	0	0
	0	0.028067	0.0359777	0.0435307
	0.0505922	0.0564916	0.0606034	0.0636648
	0.0652291	0.066257	0.0676648	0.0690503
	0.0699888	0.0692291	0.0655419	0.0651173
	0.0625251	0.0591061	0.055419	0.0475307
	0.0387039	0.0307933	14.5886	14.7132
	14.2373	13.2254	11.9066	10.6827
	9.47846	8.29446	7.17113	6.12125
	5.18845	4.40366	3.75236	3.24371
	2.81752	2.49211	2.21365	1.96599
	1.73777	1.53839	1.35142	1.18366
	1.02851	0.899263	0.781922	0.679799
	0.590078	0.51276	0.439665	0.37752
	0.319553	0.265162	0.217341	0.176469
	0.142525	0.112313	0.0797318	0.0523352
	0.0329609	0	0	0
	0	0	0	0
	0	0	0	0
	0	0	0.0278659	0.0356201
	0.0435978	0.0504358	0.0564693	0.0609162
	0.0640447	0.0659441	0.0669721	0.0684022
	0.0698101	0.0705475	0.0695642	0.0659441
	0.0655196	0.0628827	0.0595084	0.0556648
	0.0477765	0.0386592	0.030905	14.5886
	14.7124	14.2393	13.2254	11.9225
	10.6926	9.47607	8.30731	7.17987
	6.13497	5.1954	4.41578	3.76
	3.24909	2.8215	2.49542	2.21408
	1.96554	1.7362	1.53656	1.35035
	1.18297	1.02858	0.899106	0.780894
	0.678279	0.587732	0.509877	0.436469
	0.374279	0.316112	0.262302	0.214927
	0.174547	0.141073	0.109922	0.0774972
	0.0505475	0.0315307	0	0
	0	0	0	0
	0	0	0	0
	0	0	0	0.0278436
	0.0355307	0.043352	0.0504134	0.056514
	0.0611397	0.064648	0.0667263	0.0678883
	0.0694078	0.0706816	0.0712849	0.0701676
	0.0661899	0.0654078	0.0629721	0.0596201
	0.0558659	0.048	0.0386369	0.0310391
	14.5886	14.7138	14.2457	13.2222
	11.9383	10.7027	9.48679	8.3223
	7.20013	6.15298	5.21086	4.432
	3.77385	3.25725	2.82831	2.49698
	2.21006	1.96179	1.73202	1.53383
	1.34791	1.18172	1.02731	0.897408
	0.779374	0.675374	0.584447	0.506034
	0.432246	0.369922	0.31162	0.258592
	0.211508	0.171888	0.138302	0.106682
	0.0745922	0.0482905	0.029743	0
	0	0	0	0
	0	0	0	0
	0	0	0	0
	0.0278436	0.0355307	0.0433296	0.0503687
	0.0565587	0.0614302	0.065162	0.0675978
	0.0691397	0.0705475	0.0717989	0.0721341
	0.0709274	0.0666816	0.0656983	0.062905
	0.0597989	0.0560894	0.0481564	0.0385698
	0.0311732	14.5886	14.7156	14.2521
	13.2329	11.9573	10.7226	9.51084
	8.34742	7.22735	6.17453	5.23073
	4.45008	3.78764	3.26901	2.83544
	2.49779	2.20851	1.95582	1.72632
	1.52802	1.34427	1.17803	1.02514
	0.894771	0.776246	0.671464	0.580067
	0.501028	0.426994	0.364626	0.306503
	0.253966	0.207575	0.167955	0.134034
	0.102749	0.0712849	0.0456983	0.0278436
	0	0	0	0
	0	0	0	0
	0	0	0	0
	0	0.0277989	0.0355531	0.043352
	0.0504581	0.0566257	0.0617207	0.0656089
	0.0683128	0.0701676	0.0716648	0.0728492
	0.0729832	0.071486	0.0672626	0.0660782
	0.0630838	0.0598436	0.0562682	0.0483128
	0.0384804	0.0312179	14.5886	14.7156
	14.2539	13.2526	11.9768	10.7552
	9.54503	8.37993	7.25899	6.20411
	5.2541	4.46988	3.80351	3.2804
	2.84034	2.49698	2.20416	1.94798
	1.71926	1.51982	1.33707	1.1714
	1.02069	0.889788	0.771508	0.665966
	0.575017	0.495061	0.421207	0.35857
	0.300961	0.248961	0.203128	0.163017
	0.128425	0.0983017	0.0677542	0.0429497
	0.0258771	0	0	0
	0	0	0	0
	0	0	0	0
	0	0	0.0279106	0.0356425
	0.0433296	0.0505028	0.0567374	0.0619218
	0.0660782	0.0689832	0.0710168	0.072648
	0.0738324	0.0738994	0.0720894	0.0677989
	0.0664134	0.0632402	0.0598212	0.0564469
	0.0483799	0.0384134	0.0313073	14.5886
	14.7156	14.2614	13.2661	12.0109
	10.7815	9.58411	8.41075	7.29061
	6.23882	5.29312	4.49857	3.82822
	3.29542	2.84619	2.49566	2.1987
	1.93846	1.70863	1.50825	1.32742
	1.16244	1.01332	0.882324	0.765341
	0.659173	0.568156	0.487933	0.41448
	0.352022	0.294905	0.243352	0.198078
	0.157318	0.122011	0.0933855	0.0641341
	0.0403575	0.0240894	0	0
	0	0	0	0
	0	0	0	0
	0	0	0	0.0280447
	0.0357318	0.043419	0.0505698	0.0568045
	0.0621229	0.0663687	0.0695196	0.0715754
	0.0734302	0.0747039	0.0747709	0.0727821
	0.0683128	0.0667039	0.063419	0.0597765
	0.056581	0.0483799	0.0383911	0.031352
	14.5886	14.7092	14.2714	13.2769
	12.0391	10.8124	9.62711	8.44668
	7.33374	6.2792	5.33642	4.53685
	3.8575	3.31334	2.85654	2.49611
	2.1918	1.9255	1.69325	1.49231
	1.31327	1.14983	1.00335	0.872201
	0.756425	0.649922	0.559486	0.479196
	0.406927	0.344358	0.288469	0.236827
	0.191911	0.150547	0.115263	0.0882235
	0.0605587	0.0376536	0	0
	0	0	0	0
	0	0	0	0
	0	0	0	0
	0.0281564	0.0358212	0.0435531	0.0506369
	0.0569609	0.062324	0.0667039	0.0699665
	0.0721564	0.0741229	0.0754637	0.0754413
	0.0733408	0.0686927	0.0671061	0.063486
	0.0597095	0.056648	0.0483352	0.0384358
	0.031486	14.5886	14.7092	14.2812
	13.293	12.0602	10.8538	9.66197
	8.49575	7.37736	6.31933	5.37877
	4.57973	3.89164	3.33826	2.86903
	2.49678	2.184	1.90981	1.67421
	1.47234	1.29544	1.13318	0.989073
	0.859106	0.744693	0.638503	0.549385
	0.469251	0.398324	0.336	0.28114
	0.229385	0.184447	0.143307	0.108693
	0.0830838	0.057162	0.0351061	0
	0	0	0	0
	0	0	0	0
	0	0	0	0
	0	0.0283128	0.0360894	0.0437095
	0.0507933	0.0570726	0.0625698	0.0670391
	0.0703911	0.072648	0.0747039	0.0761341
	0.076067	0.0739218	0.0690503	0.067419
	0.0637542	0.0597318	0.0566704	0.0482905
	0.0385251	0.0315754	14.5886	14.7027
	14.2916	13.3049	12.0989	10.8878
	9.70968	8.54219	7.42411	6.36601
	5.43082	4.62585	3.93504	3.36883
	2.88257	2.49783	2.17484	1.89173
	1.65155	1.44912	1.27385	1.11229
	0.971441	0.842547	0.729475	0.624939
	0.53781	0.458123	0.38838	0.326592
	0.272782	0.221095	0.176179	0.135821
	0.102547	0.0780559	0.0536089	0.0327598
	0	0	0	0
	0	0	0	0
	0	0	0	0
	0	0	0.028514	0.0362458
	0.0438436	0.0509497	0.0572737	0.0627709
	0.0673743	0.0707933	0.0730726	0.0751508
	0.0766704	0.0766257	0.074324	0.0692737
	0.0677318	0.064	0.0598659	0.056648
	0.0482905	0.0386145	0.0317095	14.5886
	14.7022	14.2972	13.3219	12.1325
	10.9307	9.76132	8.58058	7.47077
	6.42172	5.4834	4.67978	3.98248
	3.40007	2.89993	2.50121	2.16458
	1.86977	1.62617	1.42118	1.2472
	1.08682	0.948849	0.821274	0.711374
	0.608782	0.521899	0.44514	0.377274
	0.315955	0.262749	0.211799	0.167464
	0.128246	0.0967598	0.0730503	0.0500112
	0.0304581	0	0	0
	0	0	0	0
	0	0	0	0
	0	0	0	0.0285587
	0.0363575	0.044	0.0510838	0.0574525
	0.0629944	0.0676201	0.0712179	0.0734525
	0.0755531	0.0770279	0.077162	0.0747039
	0.0694302	0.0678659	0.0641788	0.059933
	0.0564693	0.0483352	0.0386145	0.0318212
	14.5886	14.6963	14.3004	13.3406
	12.1686	10.9676	9.81884	8.63086
	7.52389	6.4792	5.53698	4.73397
	4.02664	3.4299	2.91991	2.5034
	2.15258	1.8472	1.59685	1.38923
	1.21569	1.05694	0.921274	0.79676
	0.690547	0.589966	0.505832	0.430592
	0.364603	0.304134	0.251553	0.201966
	0.158816	0.121073	0.0912626	0.0682458
	0.0463911	0.0283128	0	0
	0	0	0	0
	0	0	0	0
	0	0	0	0
	0.0287151	0.0364246	0.0441117	0.0511955
	0.0575866	0.0631732	0.0678436	0.0714413
	0.0738547	0.0759106	0.0773184	0.0775196
	0.0751061	0.0695196	0.068067	0.0642458
	0.06	0.0562682	0.0483799	0.0385028
	0.0319777	14.5886	14.6889	14.3004
	13.3703	12.2083	11.0189	9.87035
	8.68422	7.58011	6.53006	5.59372
	4.78185	4.06134	3.45278	2.93484
	2.50147	2.13663	1.82212	1.56358
	1.35327	1.17966	1.02282	0.889229
	0.768872	0.665989	0.568939	0.487017
	0.414436	0.350235	0.291285	0.239665
	0.191911	0.150279	0.114078	0.0857877
	0.0636425	0.042905	0.0261899	0
	0	0	0	0
	0	0	0	0
	0	0	0	0
	0	0.0288268	0.0364693	0.0442235
	0.0512402	0.0577654	0.0632849	0.0680447
	0.0717095	0.0741453	0.0762458	0.0776089
	0.0778547	0.0753073	0.0696536	0.0681788
	0.0642458	0.0598883	0.056067	0.0483128
	0.0384134	0.0321564	14.5886	14.6838
	14.2992	13.3925	12.2549	11.0678
	9.92807	8.74237	7.63149	6.58092
	5.64273	4.82223	4.09513	3.4785
	2.94429	2.49455	2.11857	1.79213
	1.52724	1.31227	1.13937	0.984737
	0.854168	0.737184	0.638637	0.541899
	0.465922	0.396156	0.333855	0.277408
	0.227464	0.181631	0.141743	0.106905
	0.0802011	0.0589721	0.0395531	0.0240447
	0	0	0	0
	0	0	0	0
	0	0	0	0
	0	0.0225028	0.0289832	0.0365587
	0.0442458	0.0512626	0.057743	0.063352
	0.0682011	0.0718659	0.0744134	0.0764469
	0.0778547	0.0780335	0.0755754	0.069743
	0.0682011	0.0641788	0.0597989	0.0557989
	0.0481564	0.038324	0.0322682	14.5886
	14.677	14.2972	13.4206	12.3025
	11.1106	9.97928	8.79278	7.67658
	6.62215	5.69634	4.85305	4.12478
	3.49656	2.94883	2.48764	2.09841
	1.75924	1.4874	1.26907	1.09596
	0.943665	0.816603	0.70333	0.60867
	0.515799	0.442212	0.376715	0.316581
	0.262816	0.215106	0.171419	0.133497
	0.0997765	0.0746369	0.0544581	0.0362458
	0	0	0	0
	0	0	0	0
	0	0	0	0
	0	0	0.0226816	0.0291397
	0.0366927	0.0443128	0.0513296	0.057743
	0.063352	0.0682682	0.0719777	0.0746145
	0.0766257	0.0780335	0.0782123	0.0757318
	0.069743	0.0682235	0.0640894	0.0597095
	0.0555531	0.0479553	0.0381229	0.0324246
	14.5886	14.6694	14.2972	13.4419
	12.3404	11.1621	10.0264	8.82594
	7.71187	6.6625	5.73772	4.88239
	4.15059	3.50639	2.94892	2.47406
	2.07171	1.72132	1.44335	1.22358
	1.04983	0.899352	0.776045	0.66695
	0.575955	0.487888	0.417743	0.356201
	0.298838	0.247844	0.202659	0.161229
	0.124983	0.0927821	0.0690726	0.0499218
	0.0328939	0	0	0
	0	0	0	0
	0	0	0	0
	0	0	0	0.0228603
	0.0292961	0.0367821	0.0443575	0.0513296
	0.0577877	0.063352	0.0682682	0.072067
	0.0747263	0.0767821	0.0781453	0.0783017
	0.0758212	0.0696983	0.0682011	0.064
	0.0595307	0.0552402	0.0477095	0.0380112
	0.032514	14.5886	14.6641	14.3003
	13.4639	12.3783	11.2186	10.0724
	8.85354	7.73041	6.68375	5.75196
	4.90089	4.15772	3.49826	2.93754
	2.44921	2.03694	1.68163	1.39962
	1.17669	1.00118	0.853788	0.733743
	0.629318	0.542168	0.459061	0.392179
	0.334615	0.280782	0.232335	0.190257
	0.150793	0.116067	0.0856089	0.0637989
	0.0454749	0.0294525	0	0
	0	0	0	0
	0	0	0	0
	0	0	0	0
	0.0231061	0.0294972	0.0369162	0.0444469
	0.0513966	0.0578101	0.063352	0.0682458
	0.0720894	0.0747933	0.0768492	0.0782123
	0.0783464	0.0758212	0.069676	0.0681341
	0.0638883	0.059352	0.0549944	0.047419
	0.0379441	0.0326257	14.5886	14.6577
	14.3003	13.4851	12.4267	11.2795
	10.1162	8.88463	7.74726	6.69781
	5.75806	4.89526	4.14277	3.47544
	2.90959	2.41513	2.00067	1.64011
	1.35301	1.12849	0.953788	0.809229
	0.691642	0.592648	0.509631	0.430615
	0.367553	0.31352	0.26286	0.217587
	0.177989	0.140626	0.107263	0.0785475
	0.0584134	0.0408492	0.0258324	0
	0	0	0	0
	0	0	0	0
	0	0	0	0
	0	0.0233296	0.0296983	0.0370726
	0.044514	0.0514413	0.0578101	0.0633073
	0.0682235	0.0721341	0.0748156	0.0768939
	0.0782346	0.078324	0.0757542	0.0696536
	0.0680223	0.0637542	0.0590615	0.0547486
	0.0470838	0.0378771	0.0327151	14.5886
	14.6545	14.3055	13.5089	12.4683
	11.3329	10.1584	8.91258	7.75879
	6.71169	5.75412	4.88116	4.11363
	3.44476	2.87128	2.37428	1.95975
	1.59672	1.30465	1.08022	0.904581
	0.764358	0.650011	0.552112	0.472447
	0.402704	0.343486	0.293162	0.245207
	0.203352	0.166101	0.130302	0.0986592
	0.0716425	0.0529609	0.0361788	0
	0	0	0	0
	0	0	0	0
	0	0	0	0
	0	0	0.0235531	0.0298771
	0.0372067	0.044581	0.0514413	0.0577877
	0.0632849	0.0681788	0.072	0.0747709
	0.0768939	0.0782123	0.0782793	0.0756872
	0.0695196	0.0679106	0.0635978	0.0587486
	0.0543911	0.0467709	0.0378324	0.0327821
	14.5886	14.6512	14.3123	13.5247
	12.5073	11.3796	10.1907	8.92979
	7.77622	6.71528	5.74373	4.85853
	4.07524	3.40322	2.82561	2.32416
	1.9137	1.54898	1.25826	1.03269
	0.857855	0.719531	0.609609	0.515933
	0.441117	0.37562	0.319866	0.27305
	0.227911	0.18914	0.153922	0.119397
	0.0901006	0.0646257	0.0471732	0.031352
	0	0	0	0
	0	0	0	0
	0	0	0	0
	0	0	0	0.0238212
	0.0301006	0.0373631	0.044648	0.0514637
	0.0577654	0.0632179	0.068067	0.071933
	0.0747039	0.0768268	0.0781676	0.0781899
	0.0755531	0.0693855	0.0677095	0.0632849
	0.0583464	0.0541229	0.0464134	0.0378101
	0.0328939	14.5886	14.647	14.3133
	13.5255	12.5283	11.4112	10.2235
	8.94646	7.79975	6.71026	5.73021
	4.82449	4.04217	3.3585	2.76999
	2.27073	1.86145	1.49966	1.21196
	0.986883	0.814235	0.678011	0.571598
	0.481698	0.411128	0.349609	0.297341
	0.253609	0.211642	0.175173	0.141966
	0.108693	0.0814525	0.0574078	0.0411173
	0.0266592	0	0	0
	0	0	0	0
	0	0	0	0
	0	0	0	0
	0.0241341	0.030324	0.0374972	0.0447598
	0.0515531	0.057743	0.0631508	0.068
	0.0717989	0.0745922	0.0768045	0.0780782
	0.0780782	0.0753966	0.0692067	0.067486
	0.0629721	0.0580559	0.0537877	0.0461229
	0.037743	0.0329385	14.5886	14.6352
	14.3058	13.529	12.5526	11.44
	10.2539	8.96085	7.80858	6.7074
	5.7076	4.79312	3.99482	3.30369
	2.70959	2.21689	1.80644	1.45155
	1.16834	0.943464	0.772939	0.639151
	0.535821	0.45086	0.382324	0.325341
	0.276045	0.235642	0.196402	0.161743
	0.129631	0.0981453	0.072648	0.0504581
	0.0350838	0	0	0
	0	0	0	0
	0	0	0	0
	0	0	0	0
	0	0.0244246	0.0305475	0.0377207
	0.0448268	0.0515531	0.0577207	0.0630838
	0.0678436	0.0717542	0.0744804	0.0766704
	0.0779441	0.0779665	0.0751732	0.0689609
	0.0673296	0.0627263	0.0576536	0.0534078
	0.0458101	0.037676	0.0330279	14.5886
	14.6272	14.3004	13.5333	12.5663
	11.4799	10.2864	8.99077	7.80916
	6.70284	5.68661	4.75779	3.9526
	3.24818	2.65124	2.15933	1.74952
	1.40291	1.12291	0.901788	0.733251
	0.603039	0.502235	0.420894	0.355821
	0.302592	0.256045	0.218436	0.181609
	0.148045	0.116939	0.0875754	0.0635084
	0.0433743	0.0290726	0	0
	0	0	0	0
	0	0	0	0
	0	0	0	0
	0	0	0.0247151	0.0308156
	0.0379888	0.0449609	0.0516201	0.0577207
	0.0630168	0.0677318	0.0716201	0.0743464
	0.0765363	0.0778324	0.077743	0.0749944
	0.0688045	0.0670838	0.0624134	0.0572737
	0.053095	0.0455642	0.0376089	0.0331844
	14.5886	14.6137	14.2907	13.5329
	12.5821	11.499	10.3008	9.01736
	7.81808	6.70297	5.66572	4.72154
	3.91108	3.19102	2.59064	2.09709
	1.69059	1.35198	1.07754	0.862257
	0.695397	0.565229	0.466615	0.392581
	0.331106	0.280626	0.237587	0.201542
	0.166994	0.134168	0.104536	0.0770503
	0.054324	0.0364693	0.023419	0
	0	0	0	0
	0	0	0	0
	0	0	0	0
	0	0	0	0.0250056
	0.0310838	0.0381676	0.0451173	0.0516648
	0.057676	0.0629721	0.0676201	0.071486
	0.0742123	0.0764246	0.077676	0.0775642
	0.0747263	0.068514	0.0667933	0.0620782
	0.0568939	0.0528045	0.0453855	0.0375419
	0.0334078	14.5886	14.6004	14.2714
	13.5247	12.5913	11.5165	10.3282
	9.03473	7.82523	6.69477	5.64072
	4.6836	3.86299	3.13312	2.53003
	2.03175	1.63012	1.30002	1.03124
	0.824693	0.658547	0.533184	0.435732
	0.365765	0.307777	0.260134	0.219732
	0.185296	0.152022	0.120492	0.0920223
	0.0667709	0.0452291	0.0299441	0
	0	0	0	0
	0	0	0	0
	0	0	0	0
	0	0	0	0
	0.0253408	0.0313743	0.038324	0.0452067
	0.0516648	0.057676	0.062838	0.067486
	0.071352	0.0740559	0.0762235	0.0774749
	0.0772737	0.0745251	0.0682458	0.0665028
	0.061743	0.0565587	0.0524693	0.0452514
	0.0375196	0.0336536	14.5886	14.589
	14.2579	13.5238	12.5941	11.5214
	10.3387	9.04434	7.83625	6.68512
	5.61334	4.65475	3.81149	3.07446
	2.46639	1.96512	1.56947	1.24905
	0.98295	0.784201	0.621989	0.50076
	0.406972	0.339285	0.285162	0.239575
	0.20181	0.168804	0.136603	0.106458
	0.0799106	0.0563799	0.0366034	0.0238883
	0	0	0	0
	0	0	0	0
	0	0	0	0
	0	0	0	0
	0	0.0256536	0.0315978	0.0385475
	0.0453184	0.0516648	0.0576089	0.0627486
	0.0673743	0.0711732	0.0738771	0.076067
	0.0772737	0.0769832	0.074324	0.0679553
	0.0661676	0.0613631	0.0562235	0.0522011
	0.0451173	0.0375642	0.0338771	14.5886
	14.5777	14.2438	13.5147	12.5945
	11.5299	10.3404	9.04878	7.85046
	6.67546	5.59504	4.61785	3.75694
	3.00981	2.40136	1.8966	1.51301
	1.19298	0.935911	0.743821	0.588
	0.467866	0.379553	0.313743	0.263307
	0.220022	0.18362	0.152134	0.121162
	0.0925587	0.068067	0.0464134	0.0285363
	0	0	0	0
	0	0	0	0
	0	0	0	0
	0	0	0	0
	0	0	0.0260112	0.0318659
	0.0387486	0.0454525	0.0516872	0.0575866
	0.0626592	0.0672179	0.0710168	0.0736983
	0.0758212	0.0770726	0.0767151	0.0739665
	0.0676201	0.0658101	0.0610503	0.0558659
	0.0518436	0.0449609	0.0375866	0.0341453
	14.5886	14.5643	14.2221	13.5023
	12.5829	11.5296	10.3388	9.05327
	7.85166	6.65613	5.5758	4.56885
	3.69765	2.94163	2.33099	1.83061
	1.45026	1.13397	0.890994	0.702682
	0.553989	0.436939	0.352469	0.28981
	0.241877	0.201006	0.165408	0.135911
	0.105899	0.0796425	0.0569385	0.0371844
	0	0	0	0
	0	0	0	0
	0	0	0	0
	0	0	0	0
	0	0	0	0.026324
	0.0321788	0.0389274	0.0455642	0.0517542
	0.0575419	0.0625475	0.0670838	0.0708827
	0.0735196	0.0755978	0.0768045	0.0764022
	0.0736313	0.0673073	0.0654525	0.0606257
	0.0555084	0.0515084	0.0447374	0.0375642
	0.0343911	14.5886	14.5581	14.1964
	13.4804	12.5635	11.5026	10.3354
	9.06103	7.82985	6.63866	5.54344
	4.52827	3.64101	2.86979	2.26628
	1.76523	1.39234	1.08212	0.846682
	0.661966	0.519374	0.407531	0.326034
	0.266369	0.220089	0.181788	0.147821
	0.12	0.091419	0.0672179	0.0461453
	0.0287598	0	0	0
	0	0	0	0
	0	0	0	0
	0	0	0	0
	0	0	0	0
	0.0267263	0.0324469	0.0391732	0.0456983
	0.0517542	0.0574525	0.0624358	0.0669497
	0.0707039	0.0733408	0.0753296	0.0765587
	0.0760894	0.0732737	0.0669274	0.0650503
	0.0602235	0.0550838	0.0511732	0.0444916
	0.0375642	0.0345922	14.5886	14.5453
	14.1737	13.4646	12.5415	11.4731
	10.3231	9.04235	7.8164	6.61088
	5.50525	4.48109	3.57578	2.80384
	2.19819	1.7015	1.33345	1.02863
	0.801251	0.623642	0.48648	0.378905
	0.300246	0.244179	0.199553	0.163486
	0.132246	0.104603	0.0774302	0.0556872
	0.0359777	0	0	0
	0	0	0	0
	0	0	0	0
	0	0	0	0
	0	0	0	0
	0	0.0270838	0.0327598	0.0393743
	0.0458101	0.0518212	0.0573855	0.062324
	0.0667933	0.0704804	0.073095	0.0750838
	0.0762905	0.0757765	0.0729609	0.0665698
	0.0646034	0.0597989	0.0545922	0.0508603
	0.0442011	0.0375196	0.0348156	14.5886
	14.5354	14.1452	13.436	12.5028
	11.4421	10.295	8.99962	7.78022
	6.57026	5.45797	4.41707	3.50921
	2.73777	2.12874	1.6396	1.27895
	0.98219	0.758011	0.580916	0.449408
	0.351151	0.275687	0.223374	0.18067
	0.14648	0.116939	0.0903911	0.0646257
	0.0454078	0.0267933	0	0
	0	0	0	0
	0	0	0	0
	0	0	0	0
	0	0	0	0
	0	0	0.0274413	0.0330726
	0.0396201	0.0459218	0.0518883	0.0572961
	0.0621676	0.0666369	0.0703017	0.0728715
	0.0747933	0.0759777	0.0754637	0.0726034
	0.0662793	0.0642235	0.0593743	0.0542123
	0.0504581	0.0438883	0.0374749	0.0349944
	14.5886	14.5203	14.1159	13.3997
	12.4622	11.4035	10.26	8.95432
	7.72409	6.51966	5.3926	4.33973
	3.42302	2.66465	2.05242	1.5777
	1.21953	0.933385	0.714235	0.545006
	0.417207	0.325296	0.253922	0.203508
	0.163061	0.130391	0.102302	0.0772291
	0.053162	0.0359777	0	0
	0	0	0	0
	0	0	0	0
	0	0	0	0
	0	0	0	0
	0	0	0.0227263	0.0278212
	0.0334078	0.0398436	0.0460559	0.0518659
	0.0572514	0.0620559	0.0664581	0.0701453
	0.072648	0.0745251	0.0757095	0.0751285
	0.0721788	0.0659441	0.0639106	0.0589721
	0.0538994	0.0501453	0.0437095	0.0374078
	0.0351285	14.5886	14.5042	14.0775
	13.3623	12.4054	11.3498	10.1921
	8.89944	7.66851	6.43973	5.2981
	4.24646	3.33428	2.58058	1.97844
	1.51325	1.16139	0.885408	0.670704
	0.509028	0.387866	0.300536	0.23343
	0.185162	0.146793	0.115441	0.0884246
	0.0649609	0.0428603	0.0279106	0
	0	0	0	0
	0	0	0	0
	0	0	0	0
	0	0	0	0
	0	0	0	0.0231285
	0.0281788	0.033743	0.0400894	0.0461899
	0.051933	0.0571844	0.0619441	0.0662793
	0.0698771	0.0724022	0.0742346	0.0753966
	0.0748156	0.0718659	0.065676	0.0635754
	0.0586816	0.0535866	0.0497654	0.0435084
	0.0372961	0.0352849	14.5886	14.4871
	14.0426	13.3237	12.3392	11.2934
	10.121	8.83106	7.58369	6.34152
	5.21079	4.15517	3.24257	2.49935
	1.9042	1.45088	1.10492	0.836693
	0.629028	0.474704	0.359911	0.277743
	0.213609	0.16876	0.132581	0.102816
	0.0756425	0.0545028	0.0339888	0
	0	0	0	0
	0	0	0	0
	0	0	0	0
	0	0	0	0
	0	0	0	0
	0.0235754	0.0285363	0.0340335	0.0403128
	0.046324	0.0519553	0.0571173	0.0618324
	0.0660782	0.069676	0.0721564	0.0739218
	0.0751061	0.0745028	0.0715531	0.0653855
	0.0632626	0.0583464	0.0532737	0.0494078
	0.0432626	0.0371397	0.0353966	14.5886
	14.4655	14.0071	13.2687	12.2698
	11.2085	10.0435	8.74393	7.47674
	6.23788	5.10297	4.05676	3.15879
	2.4208	1.83017	1.38398	1.05003
	0.789453	0.589743	0.442994	0.334547
	0.25638	0.195911	0.153318	0.119039
	0.0910838	0.0641564	0.0455866	0.0265698
	0	0	0	0
	0	0	0	0
	0	0	0	0
	0	0	0	0
	0	0	0	0
	0	0.0240223	0.0289609	0.0344134
	0.040581	0.0464581	0.0519777	0.0570726
	0.061676	0.0658994	0.0694972	0.0718659
	0.073676	0.0748156	0.0741453	0.0712626
	0.0650056	0.0628827	0.0580112	0.0528939
	0.0488939	0.0429721	0.0370279	0.0355978
	14.5886	14.4453	13.9592	13.2073
	12.1823	11.1117	9.94228	8.6362
	7.35899	6.11756	4.97823	3.95193
	3.05989	2.33508	1.75725	1.32431
	0.999307	0.745475	0.554726	0.415955
	0.311575	0.237095	0.180223	0.139173
	0.106056	0.0799106	0.0543687	0.0377654
	0	0	0	0
	0	0	0	0
	0	0	0	0
	0	0	0	0
	0	0	0	0
	0	0	0.0244693	0.0293631
	0.0347709	0.0408492	0.0466145	0.0520223
	0.0570279	0.0615642	0.0657207	0.0692961
	0.0717095	0.0733855	0.0745475	0.0738324
	0.0708827	0.0646704	0.0623911	0.0576536
	0.0524022	0.0483575	0.0426369	0.0370056
	0.0356872	14.5886	14.4312	13.9178
	13.1495	12.0978	11.0119	9.83589
	8.51642	7.23794	5.99155	4.83482
	3.83942	2.95725	2.25457	1.68974
	1.27468	0.956916	0.709385	0.524447
	0.391531	0.291263	0.220536	0.165676
	0.126838	0.0946816	0.0698994	0.0463687
	0.0308603	0	0	0
	0	0	0	0
	0	0	0	0
	0	0	0	0
	0	0	0	0
	0	0	0	0.0248939
	0.029743	0.0351508	0.041095	0.0467709
	0.0520447	0.0569385	0.0613855	0.0654972
	0.0690726	0.0714413	0.0731173	0.0742346
	0.0734972	0.0705475	0.0643575	0.0620335
	0.0572067	0.0517989	0.0478883	0.0422123
	0.0369162	0.0357318	14.5886	14.4066
	13.8717	13.0776	12	10.8965
	9.71193	8.37146	7.09372	5.83352
	4.69812	3.71046	2.8579	2.17289
	1.62825	1.22561	0.915128	0.675263
	0.49819	0.369721	0.27267	0.205609
	0.152715	0.115441	0.0846034	0.0611173
	0.0397318	0.0247821	0	0
	0	0	0	0
	0	0	0	0
	0	0	0	0
	0	0	0	0
	0	0	0	0
	0.0253184	0.0301899	0.035486	0.0413184
	0.0468603	0.052067	0.0569162	0.0612067
	0.0653408	0.0688268	0.0711732	0.0728268
	0.0739218	0.0731397	0.0701899	0.0639777
	0.0615419	0.0566034	0.0511061	0.0472849
	0.0416983	0.0368715	0.0357542	14.5886
	14.3873	13.8163	12.9912	11.9023
	10.7732	9.5682	8.23546	6.94215
	5.69003	4.56483	3.58366	2.74512
	2.09327	1.5701	1.17676	0.87667
	0.645453	0.473922	0.350615	0.256156
	0.191531	0.141385	0.106011	0.0758883
	0.0535866	0.0338771	0	0
	0	0	0	0
	0	0	0	0
	0	0	0	0
	0	0	0	0
	0	0	0	0
	0	0.025743	0.0306145	0.0357989
	0.0415642	0.0470615	0.0521117	0.0568492
	0.0610503	0.0651173	0.068581	0.070905
	0.0724693	0.0735866	0.0728045	0.0698547
	0.0635978	0.0609385	0.0560223	0.0505475
	0.0466369	0.0411844	0.0367151	0.0357765
	14.5886	14.3669	13.7737	12.905
	11.8122	10.6547	9.41571	8.07584
	6.76925	5.54241	4.4288	3.4564
	2.6478	2.02116	1.5097	1.13305
	0.839553	0.61533	0.451978	0.33419
	0.241944	0.179732	0.131575	0.0972291
	0.0684693	0.0469274	0.0286704	0
	0	0	0	0
	0	0	0	0
	0	0	0	0
	0	0	0	0
	0	0	0	0
	0	0	0.0261006	0.0310391
	0.0361788	0.0418101	0.0471285	0.0521117
	0.0567374	0.0609162	0.0648939	0.0683575
	0.0706369	0.0721341	0.0732737	0.0724693
	0.0694749	0.0631955	0.0603799	0.0555084
	0.0500112	0.0461006	0.0408268	0.0366034
	0.0358212	14.5886	14.3479	13.7212
	12.8302	11.7061	10.5191	9.25359
	7.89363	6.58199	5.3838	4.28253
	3.33933	2.55415	1.95006	1.45683
	1.08892	0.80286	0.588939	0.427017
	0.316894	0.228	0.168402	0.121989
	0.0892514	0.0621229	0.0411397	0.0238883
	0	0	0	0
	0	0	0	0
	0	0	0	0
	0	0	0	0
	0	0	0	0
	0	0	0	0.0265922
	0.031486	0.0365363	0.0420559	0.0472179
	0.0521341	0.0567151	0.0607598	0.0647374
	0.0681564	0.070324	0.0718436	0.0729609
	0.0721341	0.0690726	0.0627039	0.0598436
	0.0549721	0.0495642	0.0456089	0.0404916
	0.0364246	0.0358659	14.5886	14.3294
	13.672	12.7465	11.6079	10.3636
	9.08087	7.70501	6.40183	5.22056
	4.14997	3.22637	2.46932	1.87844
	1.40011	1.04498	0.771419	0.565073
	0.407508	0.300291	0.215464	0.157922
	0.112849	0.081676	0.0561341	0.0355084
	0	0	0	0
	0	0	0	0
	0	0	0	0
	0	0	0	0
	0	0	0	0
	0	0	0	0.0225922
	0.0270391	0.0318436	0.0368492	0.0423017
	0.047352	0.0522011	0.056648	0.060648
	0.064514	0.0678883	0.0700559	0.071486
	0.072581	0.0717765	0.068648	0.062257
	0.059352	0.0544804	0.0490056	0.0452067
	0.0402905	0.0363128	0.0359777	14.5886
	14.3071	13.6257	12.6716	11.4899
	10.2345	8.91917	7.52804	6.22333
	5.05801	4.01298	3.12661	2.38762
	1.81528	1.35309	1.01312	0.744894
	0.543464	0.391911	0.285855	0.203732
	0.146972	0.104603	0.0745028	0.0503911
	0.0304134	0	0	0
	0	0	0	0
	0	0	0	0
	0	0	0	0
	0	0	0	0
	0	0	0	0
	0.0229497	0.0273743	0.0322235	0.0371844
	0.0425251	0.047486	0.0522011	0.0565587
	0.0604916	0.0642682	0.0676648	0.0697877
	0.0711732	0.0722458	0.0714413	0.0681788
	0.0617207	0.0588603	0.0539441	0.0485587
	0.0447598	0.040067	0.0361788	0.0360223
	14.5886	14.287	13.5739	12.5991
	11.3749	10.1021	8.75832	7.36112
	6.04306	4.91209	3.88834	3.03676
	2.31385	1.7512	1.30711	0.976425
	0.718168	0.523128	0.375732	0.272134
	0.192492	0.136849	0.097162	0.067933
	0.0448715	0.0255419	0	0
	0	0	0	0
	0	0	0	0
	0	0	0	0
	0	0	0	0
	0	0	0	0
	0	0.0233073	0.0277318	0.0326257
	0.0374972	0.0428156	0.0475978	0.0522011
	0.0564469	0.0603575	0.0640894	0.0674413
	0.0694525	0.070838	0.0718659	0.0710838
	0.0677765	0.0612067	0.0584134	0.0534525
	0.0480894	0.0443128	0.0398212	0.0360223
	0.0360447	14.5886	14.2615	13.5152
	12.5044	11.2596	9.95663	8.60239
	7.19837	5.88603	4.77265	3.7661
	2.94798	2.24646	1.69797	1.26288
	0.946771	0.693922	0.50362	0.358994
	0.258503	0.180223	0.127151	0.0890279
	0.0613184	0.0392626	0	0
	0	0	0	0
	0	0	0	0
	0	0	0	0
	0	0	0	0
	0	0	0	0
	0	0	0.0237318	0.0281117
	0.0329832	0.0378547	0.0430615	0.0477318
	0.0522458	0.0564246	0.0602235	0.0638436
	0.0671732	0.0691844	0.0704804	0.0714637
	0.0707486	0.0673296	0.0607374	0.0578994
	0.0528939	0.047486	0.0438659	0.0395307
	0.0358212	0.0359777	14.5886	14.236
	13.4644	12.4056	11.1341	9.80069
	8.43309	7.03756	5.74004	4.6366
	3.65917	2.86143	2.18266	1.64963
	1.23053	0.914369	0.669944	0.483866
	0.341564	0.242972	0.168536	0.117296
	0.0811173	0.0551061	0.0339441	0
	0	0	0	0
	0	0	0	0
	0	0	0	0
	0	0	0	0
	0	0	0	0
	0	0	0	0.0240894
	0.0285363	0.0333408	0.0382123	0.0432626
	0.0478659	0.0522458	0.0563575	0.0600894
	0.0636648	0.0669497	0.0688939	0.0701453
	0.0711061	0.0703687	0.0668603	0.0602682
	0.0574525	0.0523799	0.0469497	0.0433296
	0.0391732	0.0356872	0.0358883	14.5886
	14.2071	13.4016	12.3185	11.0113
	9.65911	8.28458	6.88221	5.60304
	4.51341	3.56456	2.78503	2.12255
	1.60541	1.19385	0.88514	0.647307
	0.463441	0.323911	0.228335	0.155352
	0.108067	0.0738547	0.0492067	0.0286927
	0	0	0	0
	0	0	0	0
	0	0	0	0
	0	0	0	0
	0	0	0	0
	0	0	0	0
	0.0244916	0.0288715	0.033743	0.0385251
	0.043486	0.0479553	0.0522458	0.0562682
	0.0599553	0.063486	0.0667263	0.068648
	0.0698101	0.0706592	0.0699665	0.0663911
	0.0597989	0.0570056	0.0519553	0.0465251
	0.0428603	0.0388603	0.035486	0.0357989
	14.5886	14.1797	13.3408	12.2316
	10.8863	9.5034	8.14253	6.73207
	5.48454	4.40751	3.47853	2.70809
	2.06762	1.56174	1.1587	0.856715
	0.622615	0.442212	0.303978	0.211575
	0.143061	0.0991285	0.0669944	0.0435754
	0.0231955	0	0	0
	0	0	0	0
	0	0	0	0
	0	0	0	0
	0	0	0	0
	0	0	0	0
	0	0.0248045	0.0292961	0.0340559
	0.0388603	0.0437095	0.0480447	0.0522682
	0.0562011	0.0598659	0.0633073	0.0664581
	0.0683575	0.0694749	0.070257	0.0695642
	0.0658771	0.0593296	0.0566034	0.0515084
	0.0461229	0.0424358	0.0386145	0.0353073
	0.0357318	14.5886	14.1527	13.2822
	12.1383	10.7711	9.36445	7.98854
	6.59511	5.35942	4.31537	3.39108
	2.63511	2.01877	1.52058	1.12559
	0.83019	0.595575	0.418279	0.283531
	0.195709	0.131553	0.0907039	0.0604693
	0.0374972	0	0	0
	0	0	0	0
	0	0	0	0
	0	0	0	0
	0	0	0	0
	0	0	0	0
	0	0	0.025162	0.0296313
	0.0344581	0.0391955	0.0439106	0.0481788
	0.0522682	0.0561788	0.0597095	0.0631061
	0.066257	0.0680894	0.0691173	0.0698771
	0.0691844	0.0654525	0.0589274	0.0562235
	0.0511285	0.045743	0.0420559	0.0383687
	0.0352179	0.0356872	14.5886	14.1331
	13.2234	12.0445	10.6485	9.22728
	7.84063	6.46337	5.24565	4.2105
	3.31017	2.56621	1.95622	1.48011
	1.09153	0.798212	0.567531	0.394078
	0.26362	0.178994	0.120514	0.0824581
	0.0541899	0.0322458	0	0
	0	0	0	0
	0	0	0	0
	0	0	0	0
	0	0	0	0
	0	0	0	0
	0	0	0	0.0254749
	0.0299888	0.0348156	0.0395084	0.0441564
	0.0483128	0.0522682	0.056067	0.0595754
	0.0628827	0.0659888	0.0677542	0.0687598
	0.0694525	0.0687821	0.0650279	0.0584134
	0.0557765	0.0507709	0.0454525	0.0417207
	0.0381899	0.0350838	0.0356648	14.5886
	14.1066	13.1678	11.9432	10.5275
	9.08449	7.70326	6.33551	5.13314
	4.10434	3.21875	2.48952	1.89613
	1.42818	1.05202	0.763352	0.539374
	0.368581	0.243151	0.162726	0.109341
	0.0746145	0.0479553	0.027352	0
	0	0	0	0
	0	0	0	0
	0	0	0	0
	0	0	0	0
	0	0	0	0
	0	0	0	0
	0.025743	0.030324	0.0351285	0.0397989
	0.0443575	0.0483799	0.0522682	0.0559777
	0.059419	0.0626816	0.065743	0.0674637
	0.0684022	0.0690726	0.0683352	0.064581
	0.0579218	0.0552626	0.0503911	0.0451173
	0.0414749	0.0379888	0.0349497	0.0357318
	14.5886	14.0867	13.1101	11.8565
	10.4069	8.95365	7.55888	6.20941
	5.0175	3.99803	3.12185	2.4133
	1.82764	1.37301	1.00501	0.725184
	0.505832	0.342682	0.221609	0.147933
	0.098838	0.0673966	0.041676	0
	0	0	0	0
	0	0	0	0
	0	0	0	0
	0	0	0	0
	0	0	0	0
	0	0	0	0
	0	0.0260782	0.0306369	0.0354637
	0.0401341	0.0445363	0.0484469	0.0522682
	0.0559106	0.0592626	0.0624804	0.0654525
	0.0671732	0.0679777	0.068648	0.0678883
	0.0641564	0.0574525	0.0547486	0.0499218
	0.0447821	0.0412737	0.0378324	0.0348603
	0.0357542	14.5886	14.0684	13.0511
	11.7774	10.2985	8.82867	7.4074
	6.08333	4.90521	3.88232	3.02118
	2.32974	1.75124	1.30766	0.949497
	0.677832	0.470682	0.314436	0.200603
	0.134257	0.0897654	0.0607374	0.0362682
	0	0	0	0
	0	0	0	0
	0	0	0	0
	0	0	0	0
	0	0	0	0
	0	0	0	0
	0	0	0.0263687	0.0309944
	0.0357989	0.0404246	0.0447374	0.0485587
	0.0522235	0.0558212	0.0590838	0.0622793
	0.0651844	0.0668603	0.0675754	0.0681788
	0.067486	0.0637989	0.0569832	0.0541899
	0.0494525	0.0444022	0.0410726	0.0376536
	0.0347263	0.0358212	14.5886	14.0465
	12.9944	11.6964	10.1831	8.7082
	7.27041	5.94315	4.77178	3.76518
	2.9107	2.23528	1.66619	1.23575
	0.887464	0.628022	0.424492	0.285408
	0.182168	0.121944	0.0820335	0.0546145
	0.0317989	0	0	0
	0	0	0	0
	0	0	0	0
	0	0	0	0
	0	0	0	0
	0	0	0	0
	0	0	0	0.0266592
	0.0312402	0.0361117	0.0406927	0.0449385
	0.0486257	0.0522458	0.0557095	0.058905
	0.0620335	0.0648939	0.0665475	0.0671508
	0.0676201	0.0669721	0.0634413	0.056581
	0.0536983	0.0490726	0.0441564	0.0409162
	0.0374525	0.0346369	0.0358883	14.5886
	14.0268	12.9447	11.6076	10.0759
	8.59283	7.13198	5.81468	4.64346
	3.6381	2.78559	2.12661	1.57175
	1.15727	0.81962	0.574726	0.385453
	0.258905	0.165274	0.112067	0.0752849
	0.0496536	0.027933	0	0
	0	0	0	0
	0	0	0	0
	0	0	0	0
	0	0	0	0
	0	0	0	0
	0	0	0	0
	0.0269497	0.0315531	0.0363799	0.0409385
	0.0450726	0.0486927	0.0522235	0.0556201
	0.0587486	0.0618101	0.0646257	0.0662123
	0.0666816	0.0670838	0.0664804	0.0630391
	0.0561341	0.0532961	0.0487374	0.0439106
	0.0408045	0.0373631	0.0345475	0.0359553
	14.5886	14.0061	12.8938	11.5265
	9.97325	8.46945	7.02078	5.68474
	4.51019	3.50889	2.65908	2.00498
	1.46675	1.07339	0.751598	0.522078
	0.348402	0.234212	0.151397	0.103821
	0.0694525	0.0450279	0.0241788	0
	0	0	0	0
	0	0	0	0
	0	0	0	0
	0	0	0	0
	0	0	0	0
	0	0	0	0
	0.0224804	0.0271955	0.0318436	0.036648
	0.0411844	0.0452067	0.0487374	0.0522011
	0.0555531	0.0585698	0.0615642	0.0643352
	0.0658547	0.0662123	0.0664804	0.0659888
	0.0625028	0.0556648	0.0528492	0.0484246
	0.0436201	0.0407151	0.0372291	0.0345475
	0.0360894	14.5886	13.9882	12.8432
	11.4421	9.87482	8.3488	6.896
	5.54217	4.36132	3.36907	2.52539
	1.88145	1.35895	0.982034	0.682346
	0.472469	0.313877	0.212179	0.139844
	0.0962905	0.0643575	0.0408939	0
	0	0	0	0
	0	0	0	0
	0	0	0	0
	0	0	0	0
	0	0	0	0
	0	0	0	0
	0	0.0227263	0.0274413	0.0321117
	0.0369385	0.0413855	0.0453184	0.0488045
	0.0521788	0.055419	0.0583687	0.0612961
	0.064	0.0654302	0.0656983	0.0658994
	0.0654525	0.0620559	0.0551955	0.0524693
	0.048067	0.0433966	0.040648	0.0371397
	0.0344804	0.0362011	14.5886	13.9726
	12.7958	11.3676	9.77596	8.23499
	6.76588	5.41044	4.22858	3.22885
	2.39088	1.75886	1.2524	0.897318
	0.619106	0.426302	0.283017	0.193274
	0.130078	0.0898994	0.0598212	0.0372961
	0	0	0	0
	0	0	0	0
	0	0	0	0
	0	0	0	0
	0	0	0	0
	0	0	0	0
	0	0	0.0229497	0.0277765
	0.0323575	0.0372067	0.0416089	0.0454302
	0.0488492	0.0521117	0.0553073	0.0581676
	0.0610056	0.0636201	0.0650056	0.0652067
	0.0653408	0.0648939	0.0615642	0.0547039
	0.0520447	0.0476872	0.0430615	0.0404246
	0.0371397	0.0344134	0.0363128	14.5886
	13.9607	12.7534	11.2868	9.688
	8.12177	6.65254	5.28369	4.08527
	3.08673	2.26016	1.63946	1.15437
	0.819039	0.558592	0.38438	0.256425
	0.177475	0.121341	0.0846034	0.0558436
	0.0333855	0	0	0
	0	0	0	0
	0	0	0	0
	0	0	0	0
	0	0	0	0
	0	0	0	0
	0	0	0	0.0231508
	0.027933	0.0326034	0.0374525	0.0417877
	0.0455866	0.0488939	0.0520447	0.0551732
	0.0579441	0.0607374	0.0632402	0.064581
	0.064648	0.0647598	0.0644022	0.0610726
	0.0541899	0.0516425	0.0473743	0.0427709
	0.0402682	0.037095	0.0343464	0.0363575
	14.5886	13.9431	12.7049	11.2171
	9.5937	8.00974	6.54257	5.15263
	3.95173	2.95446	2.12679	1.52592
	1.06118	0.744804	0.506302	0.34762
	0.23495	0.164246	0.113765	0.0797095
	0.0520447	0.0298101	0	0
	0	0	0	0
	0	0	0	0
	0	0	0	0
	0	0	0	0
	0	0	0	0
	0	0	0	0
	0.0233966	0.0281564	0.0328268	0.0376536
	0.0419665	0.045676	0.0489162	0.052
	0.0550168	0.057676	0.0604022	0.0628827
	0.0641117	0.0640894	0.0642235	0.0639106
	0.060514	0.0536983	0.0513743	0.0470838
	0.0425028	0.0402458	0.0370056	0.0343464
	0.0364693	14.5886	13.9271	12.6629
	11.1608	9.50954	7.9076	6.43453
	5.04239	3.82284	2.82074	2.0036
	1.41817	0.978034	0.682615	0.456156
	0.317631	0.217765	0.153698	0.107419
	0.0754413	0.0486704	0.0255642	0
	0	0	0	0
	0	0	0	0
	0	0	0	0
	0	0	0	0
	0	0	0	0
	0	0	0	0
	0	0.0236648	0.0284693	0.0330726
	0.0378547	0.0421453	0.045743	0.0489162
	0.0519106	0.0548156	0.0574078	0.0600223
	0.0624134	0.0635754	0.0634637	0.0636648
	0.0633296	0.0598436	0.0533184	0.0510391
	0.0467933	0.0423464	0.0402682	0.0369385
	0.0343017	0.0365363	14.5886	13.9129
	12.6205	11.0953	9.42458	7.83039
	6.33908	4.93323	3.70098	2.70869
	1.89059	1.32954	0.910123	0.624961
	0.421966	0.294346	0.204112	0.145028
	0.102324	0.071486	0.0454749	0
	0	0	0	0
	0	0	0	0
	0	0	0	0
	0	0	0	0
	0	0	0	0
	0	0	0	0
	0	0	0.0238659	0.0287821
	0.0332514	0.0380335	0.0422123	0.0458101
	0.0488939	0.0518212	0.0546369	0.0571397
	0.0596201	0.0619218	0.0630391	0.062905
	0.0630615	0.0627039	0.0591508	0.0528939
	0.0507263	0.0464804	0.0421006	0.0402235
	0.0368715	0.0343017	0.0365587	14.5886
	13.898	12.5787	11.027	9.34257
	7.73368	6.24489	4.8368	3.59303
	2.59477	1.79421	1.24988	0.845341
	0.580358	0.394078	0.275732	0.192782
	0.138458	0.097743	0.0678659	0.0425698
	0	0	0	0
	0	0	0	0
	0	0	0	0
	0	0	0	0
	0	0	0	0
	0	0	0	0
	0	0	0	0.024
	0.0289609	0.0334302	0.0381899	0.042324
	0.0458547	0.0488715	0.0517318	0.0544134
	0.0568268	0.0591955	0.0614078	0.0624804
	0.0622793	0.0624134	0.0620782	0.0585251
	0.0524246	0.0504134	0.0461899	0.0418994
	0.0402235	0.0368045	0.0342346	0.036648
	14.5886	13.8866	12.5426	10.9617
	9.26521	7.65499	6.16322	4.7432
	3.49857	2.50541	1.71106	1.18145
	0.793318	0.545542	0.369117	0.261408
	0.183553	0.132849	0.0937207	0.0648715
	0.0397542	0	0	0
	0	0	0	0
	0	0	0	0
	0	0	0	0
	0	0	0	0
	0	0	0	0
	0	0	0	0
	0.0241117	0.0291397	0.0335866	0.0383017
	0.0424134	0.0459218	0.0488939	0.0516425
	0.0542123	0.0564246	0.0587039	0.0608492
	0.0618101	0.0616536	0.061743	0.0613631
	0.0578771	0.051933	0.0500112	0.0458547
	0.041743	0.0401341	0.0367598	0.0342123
	0.0367598	14.5886	13.8719	12.5109
	10.9046	9.19278	7.58342	6.09484
	4.66851	3.4154	2.42559	1.64492
	1.12418	0.753363	0.51705	0.35162
	0.249385	0.17667	0.127866	0.0904134
	0.0620112	0.0369385	0	0
	0	0	0	0
	0	0	0	0
	0	0	0	0
	0	0	0	0
	0	0	0	0
	0	0	0	0
	0	0.0242458	0.0292737	0.033743
	0.0383911	0.0425251	0.0459888	0.0488492
	0.0515978	0.0540112	0.0561341	0.058324
	0.0602905	0.0612291	0.0609832	0.0610726
	0.0607151	0.0572514	0.0515084	0.0496313
	0.0454749	0.0415196	0.0399777	0.0366704
	0.0342793	0.0368492	14.5886	13.8637
	12.4808	10.8634	9.13752	7.52992
	6.02965	4.59309	3.3444	2.36244
	1.59218	1.07958	0.720089	0.494123
	0.336223	0.240469	0.170838	0.124112
	0.087486	0.0596201	0.0342123	0
	0	0	0	0
	0	0	0	0
	0	0	0	0
	0	0	0	0
	0	0	0	0
	0	0	0	0
	0	0	0.0243575	0.0293855
	0.0339441	0.0385028	0.0426145	0.0460559
	0.0489162	0.0515754	0.0538771	0.0558436
	0.0578994	0.0597542	0.0606034	0.0602682
	0.0603575	0.0599553	0.0567598	0.0511285
	0.0492737	0.0452067	0.0412961	0.0397765
	0.0365363	0.0343464	0.0368715	14.5886
	13.8524	12.4561	10.8309	9.08606
	7.48333	5.96114	4.53555	3.28072
	2.30977	1.54773	1.04273	0.694369
	0.473899	0.32514	0.232156	0.166682
	0.121542	0.0851844	0.0581676	0.0319777
	0	0	0	0
	0	0	0	0
	0	0	0	0
	0	0	0	0
	0	0	0	0
	0	0	0	0
	0	0	0	0.0244916
	0.0294525	0.0341006	0.0386369	0.0427933
	0.0461899	0.0490279	0.0515084	0.0537207
	0.0555531	0.0574078	0.0590615	0.0599553
	0.0595307	0.0595084	0.0593073	0.0562682
	0.0506592	0.0488492	0.0449609	0.041162
	0.0396201	0.0364022	0.0344358	0.0368715
	14.5886	13.8466	12.4371	10.7993
	9.05517	7.44219	5.91171	4.48766
	3.23654	2.26568	1.51283	1.01318
	0.675039	0.461564	0.316737	0.227553
	0.164134	0.119821	0.0837095	0.0571844
	0.0299218	0	0	0
	0	0	0	0
	0	0	0	0
	0	0	0	0
	0	0	0	0
	0	0	0	0
	0	0	0	0
	0.024581	0.0295642	0.0342793	0.0387486
	0.042905	0.0463017	0.0491173	0.0514637
	0.0536313	0.0552402	0.0568939	0.0584804
	0.0590838	0.0587486	0.0587039	0.0586369
	0.0557542	0.0501453	0.0484022	0.0448715
	0.041162	0.039419	0.0362458	0.0344804
	0.0368045	14.5886	13.8396	12.4236
	10.7773	9.01866	7.40726	5.87247
	4.45321	3.20487	2.2373	1.48901
	0.990972	0.659709	0.451285	0.311799
	0.224246	0.161944	0.118994	0.0828156
	0.056648	0.0278659	0	0
	0	0	0	0
	0	0	0	0
	0	0	0	0
	0	0	0	0
	0	0	0	0
	0	0	0	0
	0	0.0246927	0.029676	0.0343687
	0.0389274	0.0430391	0.0464134	0.0492067
	0.0513966	0.0534749	0.054838	0.0563352
	0.0576983	0.0582793	0.0580335	0.0579218
	0.0579665	0.0552402	0.0497207	0.0482905
	0.0448492	0.041095	0.0392179	0.0361117
	0.0345251	0.036648	14.5886	13.8337
	12.4111	10.7595	8.99318	7.38264
	5.84427	4.43064	3.18476	2.2141
	1.47097	0.975575	0.649654	0.444469
	0.307777	0.221788	0.160939	0.118235
	0.0823911	0.0566704	0.0262346	0
	0	0	0	0
	0	0	0	0
	0	0	0	0
	0	0	0	0
	0	0	0	0
	0	0	0	0
	0	0	0.0248268	0.0298101
	0.0345028	0.0391061	0.0431508	0.0466145
	0.0492961	0.0513743	0.0532961	0.0545475
	0.0557318	0.0570279	0.0576313	0.0573631
	0.0573855	0.0575196	0.0548603	0.0496313
	0.0481341	0.0446704	0.0409162	0.0390391
	0.0359777	0.0345698	0.0365363	14.5886
	13.8331	12.4078	10.7559	8.98134
	7.36974	5.82943	4.42185	3.17347
	2.19658	1.45725	0.966525	0.646391
	0.442324	0.305587	0.220626	0.160223
	0.118011	0.0825922	0.0569162	0.0254302
	0	0	0	0
	0	0	0	0
	0	0	0	0
	0	0	0	0
	0	0	0	0
	0	0	0	0
	0	0	0	0.0250503
	0.0301453	0.0347486	0.0392849	0.0433966
	0.0467039	0.0493631	0.051352	0.0532514
	0.0542346	0.0553966	0.056648	0.0571173
	0.0569832	0.0568492	0.0571397	0.0545475
	0.0493184	0.0478883	0.0444693	0.0407821
	0.0388827	0.0357989	0.0345698	0.0364022
	14.5886	13.8402	12.4046	10.7725
	8.9785	7.37068	5.82574	4.42478
	3.17149	2.19325	1.45408	0.966212
	0.645453	0.442659	0.305698	0.220112
	0.160291	0.117855	0.0830615	0.0569162
	0.025676	0	0	0
	0	0	0	0
	0	0	0	0
	0	0	0	0
	0	0	0	0
	0	0	0	0
	0	0	0	0
	0.0252961	0.0301899	0.0347709	0.0393296
	0.043352	0.0467263	0.0493408	0.0513073
	0.0532291	0.0541006	0.0551061	0.0562682
	0.0569609	0.056514	0.0567821	0.0568268
	0.0544134	0.0488045	0.0475084	0.0443575
	0.040648	0.0388827	0.0357542	0.0346369
	0.0363128
